gbifID	datasetKey	occurrenceID	kingdom	phylum	class	order	family	genus	species	infraspecificEpithet	taxonRank	scientificName	verbatimScientificName	verbatimScientificNameAuthorship	countryCode	locality	stateProvince	occurrenceStatus	individualCount	publishingOrgKey	decimalLatitude	decimalLongitude	coordinateUncertaintyInMeters	coordinatePrecision	elevation	elevationAccuracy	depth	depthAccuracy	eventDate	day	month	year	taxonKey	speciesKey	basisOfRecord	institutionCode	collectionCode	catalogNumber	recordNumber	identifiedBy	dateIdentified	license	rightsHolder	recordedBy	typeStatus	establishmentMeans	lastInterpreted	mediaType	issue
891759261	50c9509d-22c7-4a22-a47d-8c48425ef4a7	http://www.inaturalist.org/observations/448735	Fungi	Basidiomycota	Agaricomycetes	Russulales	Hericiaceae	Hericium	Hericium americanum		SPECIES	Hericium americanum Ginns	Hericium americanum		CA		Québec	PRESENT		28eb1a3f-1c15-4a95-931a-4af90ecb574d	45.430963	-73.943254	22.0						2013-10-29T11:17:28	29	10	2013	5248551	5248551	HUMAN_OBSERVATION	iNaturalist	Observations	448735		Kamil Chatila	2013-11-05T16:35:29	CC_BY_NC_4_0	Kamil Chatila	Kamil Chatila			2025-01-14T12:57:00.885Z	StillImage	COORDINATE_ROUNDED;CONTINENT_DERIVED_FROM_COORDINATES;TAXON_MATCH_TAXON_ID_IGNORED
891759225	50c9509d-22c7-4a22-a47d-8c48425ef4a7	http://www.inaturalist.org/observations/448734	Fungi	Basidiomycota	Agaricomycetes	Russulales	Hericiaceae	Hericium	Hericium americanum		SPECIES	Hericium americanum Ginns	Hericium americanum		CA		Québec	PRESENT		28eb1a3f-1c15-4a95-931a-4af90ecb574d	45.4317	-73.948615	16.0						2013-10-29T11:39:55	29	10	2013	5248551	5248551	HUMAN_OBSERVATION	iNaturalist	Observations	448734		Kamil Chatila	2013-11-05T16:47:10	CC_BY_NC_4_0	Kamil Chatila	Kamil Chatila			2025-01-14T12:57:26.794Z	StillImage	CONTINENT_DERIVED_FROM_COORDINATES;TAXON_MATCH_TAXON_ID_IGNORED
617551839	21705170-d2b6-42de-8904-c3bca4b83591	CMMF002883	Fungi	Basidiomycota	Agaricomycetes	Russulales	Hericiaceae	Hericium	Hericium americanum		SPECIES	Hericium americanum Ginns	Hericium americanum Ginns	Ginns	CA	Mt Orford	Québec	PRESENT		ff7bd5db-b724-4932-b496-10ea298851f9	45.340394	-72.208677	6500.0						1996-08-17	17	8	1996	5248551	5248551	PRESERVED_SPECIMEN	Université de Montréal Biodiversity Centre	CMMF	CMMF002883		Lamoureux, Yves		CC0_1_0	Université de Montréal Biodiversity Centre	unknown			2024-01-24T16:38:20.669Z	StillImage	INSTITUTION_MATCH_FUZZY;COLLECTION_MATCH_FUZZY;DIFFERENT_OWNER_INSTITUTION
617548557	21705170-d2b6-42de-8904-c3bca4b83591	CMMF001457	Fungi	Basidiomycota	Agaricomycetes	Russulales	Hericiaceae	Hericium	Hericium americanum		SPECIES	Hericium americanum Ginns	Hericium americanum Ginns	Ginns	CA	Mascouche	Québec	PRESENT		ff7bd5db-b724-4932-b496-10ea298851f9	45.76054	-73.608926	5000.0						1991-08-30	30	8	1991	5248551	5248551	PRESERVED_SPECIMEN	Université de Montréal Biodiversity Centre	CMMF	CMMF001457		Lamoureux, Yves		CC0_1_0	Université de Montréal Biodiversity Centre	Lamoureux, Yves			2024-01-24T16:38:17.611Z	StillImage	INSTITUTION_MATCH_FUZZY;COLLECTION_MATCH_FUZZY;DIFFERENT_OWNER_INSTITUTION
5008131847	50c9509d-22c7-4a22-a47d-8c48425ef4a7	https://www.inaturalist.org/observations/255962498	Fungi	Basidiomycota	Agaricomycetes	Russulales	Hericiaceae	Hericium	Hericium americanum		SPECIES	Hericium americanum Ginns	Hericium americanum		CA		Québec	PRESENT		28eb1a3f-1c15-4a95-931a-4af90ecb574d	45.12724	-72.612424	27222.0						2022-06-19T15:38:40	19	6	2022	5248551	5248551	HUMAN_OBSERVATION	iNaturalist	Observations	255962498		gabboilard	2024-12-23T16:01:40	CC_BY_NC_4_0	wez	wez			2025-01-14T12:57:04.673Z	StillImage	COORDINATE_ROUNDED;CONTINENT_DERIVED_FROM_COORDINATES;TAXON_MATCH_TAXON_ID_IGNORED
5006860492	50c9509d-22c7-4a22-a47d-8c48425ef4a7	https://www.inaturalist.org/observations/256851837	Fungi	Basidiomycota	Agaricomycetes	Russulales	Hericiaceae	Hericium	Hericium americanum		SPECIES	Hericium americanum Ginns	Hericium americanum		CA		Ontario	PRESENT		28eb1a3f-1c15-4a95-931a-4af90ecb574d	45.357709	-75.676797	10.0						2024-09-22T12:22	22	9	2024	5248551	5248551	HUMAN_OBSERVATION	iNaturalist	Observations	256851837		Jakob Mueller	2024-12-31T05:43:35	CC_BY_NC_4_0	Jakob Mueller	Jakob Mueller			2025-01-14T13:41:21.436Z	StillImage	COORDINATE_ROUNDED;CONTINENT_DERIVED_FROM_COORDINATES;TAXON_MATCH_TAXON_ID_IGNORED
4987809583	50c9509d-22c7-4a22-a47d-8c48425ef4a7	https://www.inaturalist.org/observations/252683569	Fungi	Basidiomycota	Agaricomycetes	Russulales	Hericiaceae	Hericium	Hericium americanum		SPECIES	Hericium americanum Ginns	Hericium americanum		CA		Québec	PRESENT		28eb1a3f-1c15-4a95-931a-4af90ecb574d	45.037455	-74.071997	1953.0						2024-09-17T08:48	17	9	2024	5248551	5248551	HUMAN_OBSERVATION	iNaturalist	Observations	252683569		Annabelle Langlois	2024-11-23T05:42:23	CC_BY_NC_4_0	Annabelle Langlois	Annabelle Langlois			2025-01-14T12:55:33.495Z	StillImage	COORDINATE_ROUNDED;CONTINENT_DERIVED_FROM_COORDINATES;TAXON_MATCH_TAXON_ID_IGNORED
4987462264	50c9509d-22c7-4a22-a47d-8c48425ef4a7	https://www.inaturalist.org/observations/252683650	Fungi	Basidiomycota	Agaricomycetes	Russulales	Hericiaceae	Hericium	Hericium americanum		SPECIES	Hericium americanum Ginns	Hericium americanum		CA		Québec	PRESENT		28eb1a3f-1c15-4a95-931a-4af90ecb574d	45.037455	-74.071997	1953.0						2024-09-17T14:17	17	9	2024	5248551	5248551	HUMAN_OBSERVATION	iNaturalist	Observations	252683650		Annabelle Langlois	2024-11-23T05:42:48	CC_BY_NC_4_0	Annabelle Langlois	Annabelle Langlois			2025-01-14T12:56:04.317Z	StillImage	COORDINATE_ROUNDED;CONTINENT_DERIVED_FROM_COORDINATES;TAXON_MATCH_TAXON_ID_IGNORED
4974264952	50c9509d-22c7-4a22-a47d-8c48425ef4a7	https://www.inaturalist.org/observations/248385517	Fungi	Basidiomycota	Agaricomycetes	Russulales	Hericiaceae	Hericium	Hericium americanum		SPECIES	Hericium americanum Ginns	Hericium americanum		CA		Québec	PRESENT		28eb1a3f-1c15-4a95-931a-4af90ecb574d	45.470032	-75.807243							2024-10-16T13:11:45	16	10	2024	5248551	5248551	HUMAN_OBSERVATION	iNaturalist	Observations	248385517		chronor	2024-10-21T02:04:59	CC_BY_NC_4_0	chronor	chronor			2025-01-14T13:44:03.083Z	StillImage	COORDINATE_ROUNDED;CONTINENT_DERIVED_FROM_COORDINATES;TAXON_MATCH_TAXON_ID_IGNORED
4954331394	50c9509d-22c7-4a22-a47d-8c48425ef4a7	https://www.inaturalist.org/observations/247163327	Fungi	Basidiomycota	Agaricomycetes	Russulales	Hericiaceae	Hericium	Hericium americanum		SPECIES	Hericium americanum Ginns	Hericium americanum		CA		Ontario	PRESENT		28eb1a3f-1c15-4a95-931a-4af90ecb574d	45.327277	-78.029632	12.0						2024-10-13T14:14:41	13	10	2024	5248551	5248551	HUMAN_OBSERVATION	iNaturalist	Observations	247163327		Victor Szabo	2024-10-13T18:15:49	CC_BY_NC_4_0	Victor Szabo	Victor Szabo			2025-01-14T12:54:56.822Z	StillImage	COORDINATE_ROUNDED;CONTINENT_DERIVED_FROM_COORDINATES;TAXON_MATCH_TAXON_ID_IGNORED
4953078550	50c9509d-22c7-4a22-a47d-8c48425ef4a7	https://www.inaturalist.org/observations/244799537	Fungi	Basidiomycota	Agaricomycetes	Russulales	Hericiaceae	Hericium	Hericium americanum		SPECIES	Hericium americanum Ginns	Hericium americanum		CA		Ontario	PRESENT		28eb1a3f-1c15-4a95-931a-4af90ecb574d	45.327635	-79.068219	27190.0						2024-09-29T11:01:27	29	9	2024	5248551	5248551	HUMAN_OBSERVATION	iNaturalist	Observations	244799537		Lee Cumming	2024-09-29T22:42:40	CC_BY_NC_4_0	Lee Cumming	Lee Cumming			2025-01-14T13:43:40.782Z	StillImage	COORDINATE_ROUNDED;CONTINENT_DERIVED_FROM_COORDINATES;TAXON_MATCH_TAXON_ID_IGNORED
4953070242	50c9509d-22c7-4a22-a47d-8c48425ef4a7	https://www.inaturalist.org/observations/245274723	Fungi	Basidiomycota	Agaricomycetes	Russulales	Hericiaceae	Hericium	Hericium americanum		SPECIES	Hericium americanum Ginns	Hericium americanum		CA		Québec	PRESENT		28eb1a3f-1c15-4a95-931a-4af90ecb574d	45.399143	-73.758031	15.0						2024-10-01T10:11	1	10	2024	5248551	5248551	HUMAN_OBSERVATION	iNaturalist	Observations	245274723		Antoine Fortin	2024-10-02T21:04:09	CC_BY_NC_4_0	tom1989	tom1989			2025-01-14T12:51:05.905Z	StillImage	COORDINATE_ROUNDED;CONTINENT_DERIVED_FROM_COORDINATES;TAXON_MATCH_TAXON_ID_IGNORED
4952979820	50c9509d-22c7-4a22-a47d-8c48425ef4a7	https://www.inaturalist.org/observations/239182676	Fungi	Basidiomycota	Agaricomycetes	Russulales	Hericiaceae	Hericium	Hericium americanum		SPECIES	Hericium americanum Ginns	Hericium americanum		CA		Ontario	PRESENT		28eb1a3f-1c15-4a95-931a-4af90ecb574d	45.003592	-78.118561							2024-09-01T10:12:28	1	9	2024	5248551	5248551	HUMAN_OBSERVATION	iNaturalist	Observations	239182676		Ryan Patrick	2024-09-01T14:43:33	CC_BY_NC_4_0	Lori Àñdrew	Lori Àñdrew			2025-01-14T12:53:52.877Z	StillImage	COORDINATE_ROUNDED;CONTINENT_DERIVED_FROM_COORDINATES;TAXON_MATCH_TAXON_ID_IGNORED
4952905482	50c9509d-22c7-4a22-a47d-8c48425ef4a7	https://www.inaturalist.org/observations/245153479	Fungi	Basidiomycota	Agaricomycetes	Russulales	Hericiaceae	Hericium	Hericium americanum		SPECIES	Hericium americanum Ginns	Hericium americanum		CA		Québec	PRESENT		28eb1a3f-1c15-4a95-931a-4af90ecb574d	46.019433	-73.684197	299.0						2024-09-28T13:12	28	9	2024	5248551	5248551	HUMAN_OBSERVATION	iNaturalist	Observations	245153479		michelcournoyer	2024-10-01T23:30:44	CC_BY_NC_4_0	michelcournoyer	michelcournoyer			2025-01-14T13:43:38.040Z	StillImage	COORDINATE_ROUNDED;CONTINENT_DERIVED_FROM_COORDINATES;TAXON_MATCH_TAXON_ID_IGNORED
4952689379	50c9509d-22c7-4a22-a47d-8c48425ef4a7	https://www.inaturalist.org/observations/244408669	Fungi	Basidiomycota	Agaricomycetes	Russulales	Hericiaceae	Hericium	Hericium americanum		SPECIES	Hericium americanum Ginns	Hericium americanum		CA		Québec	PRESENT		28eb1a3f-1c15-4a95-931a-4af90ecb574d	45.853	-75.232788	14.0						2024-09-27T14:42:45	27	9	2024	5248551	5248551	HUMAN_OBSERVATION	iNaturalist	Observations	244408669		noeyelle	2024-09-28T00:53:09	CC_BY_NC_4_0	noeyelle	noeyelle			2025-01-14T12:54:26.234Z	StillImage	COORDINATE_ROUNDED;CONTINENT_DERIVED_FROM_COORDINATES;TAXON_MATCH_TAXON_ID_IGNORED
4952574776	50c9509d-22c7-4a22-a47d-8c48425ef4a7	https://www.inaturalist.org/observations/245490032	Fungi	Basidiomycota	Agaricomycetes	Russulales	Hericiaceae	Hericium	Hericium americanum		SPECIES	Hericium americanum Ginns	Hericium americanum		CA		Ontario	PRESENT		28eb1a3f-1c15-4a95-931a-4af90ecb574d	45.518145	-78.39937	179.0						2022-09-21T10:33	21	9	2022	5248551	5248551	HUMAN_OBSERVATION	iNaturalist	Observations	245490032		jeanh	2024-10-03T23:35:01	CC_BY_NC_4_0	jeanh	jeanh			2025-01-14T12:58:19.214Z	StillImage	COORDINATE_ROUNDED;CONTINENT_DERIVED_FROM_COORDINATES;TAXON_MATCH_TAXON_ID_IGNORED
4952329853	50c9509d-22c7-4a22-a47d-8c48425ef4a7	https://www.inaturalist.org/observations/244204920	Fungi	Basidiomycota	Agaricomycetes	Russulales	Hericiaceae	Hericium	Hericium americanum		SPECIES	Hericium americanum Ginns	Hericium americanum		CA		Québec	PRESENT		28eb1a3f-1c15-4a95-931a-4af90ecb574d	45.450038	-75.70507	5.0						2024-09-26T13:35:32	26	9	2024	5248551	5248551	HUMAN_OBSERVATION	iNaturalist	Observations	244204920		ilovefrogsmorethanyoudo	2024-09-26T21:43:29	CC_BY_NC_4_0	ilovefrogsmorethanyoudo	ilovefrogsmorethanyoudo			2025-01-14T13:48:17.754Z	StillImage	COORDINATE_ROUNDED;CONTINENT_DERIVED_FROM_COORDINATES;TAXON_MATCH_TAXON_ID_IGNORED
4952251646	50c9509d-22c7-4a22-a47d-8c48425ef4a7	https://www.inaturalist.org/observations/245094414	Fungi	Basidiomycota	Agaricomycetes	Russulales	Hericiaceae	Hericium	Hericium americanum		SPECIES	Hericium americanum Ginns	Hericium americanum		CA		Ontario	PRESENT		28eb1a3f-1c15-4a95-931a-4af90ecb574d	45.402794	-75.587774	16.0						2024-10-01T09:18:44	1	10	2024	5248551	5248551	HUMAN_OBSERVATION	iNaturalist	Observations	245094414		Igor Khomenko	2024-10-01T16:40:35	CC_BY_NC_4_0	Igor Khomenko	Igor Khomenko			2025-01-14T12:53:57.951Z	StillImage	COORDINATE_ROUNDED;CONTINENT_DERIVED_FROM_COORDINATES;TAXON_MATCH_TAXON_ID_IGNORED
4952174138	50c9509d-22c7-4a22-a47d-8c48425ef4a7	https://www.inaturalist.org/observations/245580599	Fungi	Basidiomycota	Agaricomycetes	Russulales	Hericiaceae	Hericium	Hericium americanum		SPECIES	Hericium americanum Ginns	Hericium americanum		CA		Ontario	PRESENT		28eb1a3f-1c15-4a95-931a-4af90ecb574d	45.310301	-78.865092	27190.0						2024-09-26T19:10:50	26	9	2024	5248551	5248551	HUMAN_OBSERVATION	iNaturalist	Observations	245580599		Sarah Lamond	2024-10-04T15:25:22	CC_BY_NC_4_0	Sarah Lamond	Sarah Lamond			2025-01-14T12:54:27.375Z	StillImage	COORDINATE_ROUNDED;CONTINENT_DERIVED_FROM_COORDINATES;TAXON_MATCH_TAXON_ID_IGNORED
4950528223	50c9509d-22c7-4a22-a47d-8c48425ef4a7	https://www.inaturalist.org/observations/243905328	Fungi	Basidiomycota	Agaricomycetes	Russulales	Hericiaceae	Hericium	Hericium americanum		SPECIES	Hericium americanum Ginns	Hericium americanum		CA		Ontario	PRESENT		28eb1a3f-1c15-4a95-931a-4af90ecb574d	45.068006	-76.193078	22.0						2024-09-24T18:23:51	24	9	2024	5248551	5248551	HUMAN_OBSERVATION	iNaturalist	Observations	243905328		davey59	2024-09-25T02:27:19	CC_BY_NC_4_0	davey59	davey59			2025-01-14T13:40:15.303Z	StillImage	COORDINATE_ROUNDED;CONTINENT_DERIVED_FROM_COORDINATES;TAXON_MATCH_TAXON_ID_IGNORED
4950510422	50c9509d-22c7-4a22-a47d-8c48425ef4a7	https://www.inaturalist.org/observations/243346042	Fungi	Basidiomycota	Agaricomycetes	Russulales	Hericiaceae	Hericium	Hericium americanum		SPECIES	Hericium americanum Ginns	Hericium americanum		CA		New Brunswick	PRESENT		28eb1a3f-1c15-4a95-931a-4af90ecb574d	45.956782	-66.664076							2024-09-22T10:59:06	22	9	2024	5248551	5248551	HUMAN_OBSERVATION	iNaturalist	Observations	243346042		Phil H.	2024-09-22T14:42:14	CC_BY_NC_4_0	Phil H.	Phil H.			2025-01-14T13:37:41.925Z	StillImage	COORDINATE_ROUNDED;CONTINENT_DERIVED_FROM_COORDINATES;TAXON_MATCH_TAXON_ID_IGNORED
4950273075	50c9509d-22c7-4a22-a47d-8c48425ef4a7	https://www.inaturalist.org/observations/243482575	Fungi	Basidiomycota	Agaricomycetes	Russulales	Hericiaceae	Hericium	Hericium americanum		SPECIES	Hericium americanum Ginns	Hericium americanum		CA		Ontario	PRESENT		28eb1a3f-1c15-4a95-931a-4af90ecb574d	45.357686	-75.676945	4.0						2024-09-22T13:13:14	22	9	2024	5248551	5248551	HUMAN_OBSERVATION	iNaturalist	Observations	243482575		William Van Hemessen	2024-09-23T00:30:09	CC_BY_NC_4_0	William Van Hemessen	William Van Hemessen			2025-01-14T12:50:31.321Z	StillImage	COORDINATE_ROUNDED;CONTINENT_DERIVED_FROM_COORDINATES;TAXON_MATCH_TAXON_ID_IGNORED
4950257890	50c9509d-22c7-4a22-a47d-8c48425ef4a7	https://www.inaturalist.org/observations/243659337	Fungi	Basidiomycota	Agaricomycetes	Russulales	Hericiaceae	Hericium	Hericium americanum		SPECIES	Hericium americanum Ginns	Hericium americanum		CA		Ontario	PRESENT		28eb1a3f-1c15-4a95-931a-4af90ecb574d	45.02977	-78.26407	244.0						2020-09-10T11:11	10	9	2020	5248551	5248551	HUMAN_OBSERVATION	iNaturalist	Observations	243659337		PC Smith	2024-09-23T20:06:42	CC_BY_NC_4_0	PC Smith	PC Smith			2025-01-14T12:58:17.561Z	StillImage	COORDINATE_ROUNDED;CONTINENT_DERIVED_FROM_COORDINATES;TAXON_MATCH_TAXON_ID_IGNORED
4950196682	50c9509d-22c7-4a22-a47d-8c48425ef4a7	https://www.inaturalist.org/observations/243239396	Fungi	Basidiomycota	Agaricomycetes	Russulales	Hericiaceae	Hericium	Hericium americanum		SPECIES	Hericium americanum Ginns	Hericium americanum		CA		Québec	PRESENT		28eb1a3f-1c15-4a95-931a-4af90ecb574d	45.882709	-71.494356							2024-09-21T11:51:23	21	9	2024	5248551	5248551	HUMAN_OBSERVATION	iNaturalist	Observations	243239396		egrenier	2024-09-22T02:27:29	CC_BY_NC_4_0	egrenier	egrenier			2025-01-14T12:54:06.538Z	StillImage	COORDINATE_ROUNDED;CONTINENT_DERIVED_FROM_COORDINATES;TAXON_MATCH_TAXON_ID_IGNORED
4950128531	50c9509d-22c7-4a22-a47d-8c48425ef4a7	https://www.inaturalist.org/observations/244083802	Fungi	Basidiomycota	Agaricomycetes	Russulales	Hericiaceae	Hericium	Hericium americanum		SPECIES	Hericium americanum Ginns	Hericium americanum		CA		New Brunswick	PRESENT		28eb1a3f-1c15-4a95-931a-4af90ecb574d	45.951451	-66.671754	306.0						2024-09-25T15:26:48	25	9	2024	5248551	5248551	HUMAN_OBSERVATION	iNaturalist	Observations	244083802		mollypoppins	2024-09-26T03:34:36	CC_BY_NC_4_0	mollypoppins	mollypoppins			2025-01-14T13:44:05.725Z	StillImage	COORDINATE_ROUNDED;CONTINENT_DERIVED_FROM_COORDINATES;TAXON_MATCH_TAXON_ID_IGNORED
4950041684	50c9509d-22c7-4a22-a47d-8c48425ef4a7	https://www.inaturalist.org/observations/242162003	Fungi	Basidiomycota	Agaricomycetes	Russulales	Hericiaceae	Hericium	Hericium americanum		SPECIES	Hericium americanum Ginns	Hericium americanum		CA		Québec	PRESENT		28eb1a3f-1c15-4a95-931a-4af90ecb574d	46.882722	-71.104119	6.0						2024-09-16T16:20	16	9	2024	5248551	5248551	HUMAN_OBSERVATION	iNaturalist	Observations	242162003		Mariana Kamper	2024-09-16T20:30:02	CC_BY_NC_4_0	Mariana Kamper	Mariana Kamper			2025-01-14T12:57:59.115Z	StillImage	COORDINATE_ROUNDED;CONTINENT_DERIVED_FROM_COORDINATES;TAXON_MATCH_TAXON_ID_IGNORED
4950028742	50c9509d-22c7-4a22-a47d-8c48425ef4a7	https://www.inaturalist.org/observations/240351507	Fungi	Basidiomycota	Agaricomycetes	Russulales	Hericiaceae	Hericium	Hericium americanum		SPECIES	Hericium americanum Ginns	Hericium americanum		CA		Québec	PRESENT		28eb1a3f-1c15-4a95-931a-4af90ecb574d	45.380133	-71.921592	366.0						2024-09-03T15:02:45	3	9	2024	5248551	5248551	HUMAN_OBSERVATION	iNaturalist	Observations	240351507		Jacob Beauregard	2024-09-07T16:43:48	CC_BY_NC_4_0	Jacob Beauregard	Jacob Beauregard			2025-01-14T12:51:03.088Z	StillImage	COORDINATE_ROUNDED;CONTINENT_DERIVED_FROM_COORDINATES;TAXON_MATCH_TAXON_ID_IGNORED
4949899867	50c9509d-22c7-4a22-a47d-8c48425ef4a7	https://www.inaturalist.org/observations/243319007	Fungi	Basidiomycota	Agaricomycetes	Russulales	Hericiaceae	Hericium	Hericium americanum		SPECIES	Hericium americanum Ginns	Hericium americanum		CA		New Brunswick	PRESENT		28eb1a3f-1c15-4a95-931a-4af90ecb574d	45.967788	-66.899575	5.0						2024-09-22T09:26:02	22	9	2024	5248551	5248551	HUMAN_OBSERVATION	iNaturalist	Observations	243319007		amazzocca	2024-09-22T12:30:05	CC_BY_NC_4_0	amazzocca	amazzocca			2025-01-14T13:40:16.987Z	StillImage	COORDINATE_ROUNDED;CONTINENT_DERIVED_FROM_COORDINATES;TAXON_MATCH_TAXON_ID_IGNORED
4949851805	50c9509d-22c7-4a22-a47d-8c48425ef4a7	https://www.inaturalist.org/observations/243495222	Fungi	Basidiomycota	Agaricomycetes	Russulales	Hericiaceae	Hericium	Hericium americanum		SPECIES	Hericium americanum Ginns	Hericium americanum		CA		Québec	PRESENT		28eb1a3f-1c15-4a95-931a-4af90ecb574d	45.738208	-75.792983	4.0						2024-09-22T10:39:29	22	9	2024	5248551	5248551	HUMAN_OBSERVATION	iNaturalist	Observations	243495222		hendrixmom	2024-09-23T01:39:55	CC_BY_NC_4_0	hendrixmom	hendrixmom			2025-01-14T12:53:52.547Z	StillImage	COORDINATE_ROUNDED;CONTINENT_DERIVED_FROM_COORDINATES;TAXON_MATCH_TAXON_ID_IGNORED
4946707201	50c9509d-22c7-4a22-a47d-8c48425ef4a7	https://www.inaturalist.org/observations/242021347	Fungi	Basidiomycota	Agaricomycetes	Russulales	Hericiaceae	Hericium	Hericium americanum		SPECIES	Hericium americanum Ginns	Hericium americanum		CA		Québec	PRESENT		28eb1a3f-1c15-4a95-931a-4af90ecb574d	47.005216	-70.8134	9.0						2024-09-15T11:00:23	15	9	2024	5248551	5248551	HUMAN_OBSERVATION	iNaturalist	Observations	242021347		Ellen	2024-09-16T03:16:41	CC_BY_NC_4_0	Ellen	Ellen			2025-01-14T13:37:34.473Z	StillImage	COORDINATE_ROUNDED;CONTINENT_DERIVED_FROM_COORDINATES;TAXON_MATCH_TAXON_ID_IGNORED
4946392872	50c9509d-22c7-4a22-a47d-8c48425ef4a7	https://www.inaturalist.org/observations/242186050	Fungi	Basidiomycota	Agaricomycetes	Russulales	Hericiaceae	Hericium	Hericium americanum		SPECIES	Hericium americanum Ginns	Hericium americanum		CA		Québec	PRESENT		28eb1a3f-1c15-4a95-931a-4af90ecb574d	45.973062	-74.2537	14.0						2024-09-16T10:13:20	16	9	2024	5248551	5248551	HUMAN_OBSERVATION	iNaturalist	Observations	242186050		Séléna Bergeron	2024-09-16T22:55:36	CC_BY_NC_4_0	Séléna Bergeron	Séléna Bergeron			2025-01-14T13:43:22.065Z	StillImage	COORDINATE_ROUNDED;CONTINENT_DERIVED_FROM_COORDINATES;TAXON_MATCH_TAXON_ID_IGNORED
4946023989	50c9509d-22c7-4a22-a47d-8c48425ef4a7	https://www.inaturalist.org/observations/242134633	Fungi	Basidiomycota	Agaricomycetes	Russulales	Hericiaceae	Hericium	Hericium americanum		SPECIES	Hericium americanum Ginns	Hericium americanum		CA		Québec	PRESENT		28eb1a3f-1c15-4a95-931a-4af90ecb574d	45.499971	-75.846312	27158.0						2024-09-14T11:47:02	14	9	2024	5248551	5248551	HUMAN_OBSERVATION	iNaturalist	Observations	242134633		Raymond Pierce	2024-09-16T17:52:12	CC_BY_NC_4_0	Raymond Pierce	Raymond Pierce			2025-01-14T12:54:11.566Z	StillImage	COORDINATE_ROUNDED;CONTINENT_DERIVED_FROM_COORDINATES;TAXON_MATCH_TAXON_ID_IGNORED
4945870791	50c9509d-22c7-4a22-a47d-8c48425ef4a7	https://www.inaturalist.org/observations/242186724	Fungi	Basidiomycota	Agaricomycetes	Russulales	Hericiaceae	Hericium	Hericium americanum		SPECIES	Hericium americanum Ginns	Hericium americanum		CA		Québec	PRESENT		28eb1a3f-1c15-4a95-931a-4af90ecb574d	46.184731	-73.916458	6.0						2024-09-14T16:22	14	9	2024	5248551	5248551	HUMAN_OBSERVATION	iNaturalist	Observations	242186724		michelcournoyer	2024-09-16T22:59:58	CC_BY_NC_4_0	michelcournoyer	michelcournoyer			2025-01-14T12:53:28.154Z	StillImage	COORDINATE_ROUNDED;CONTINENT_DERIVED_FROM_COORDINATES;TAXON_MATCH_TAXON_ID_IGNORED
4945542169	50c9509d-22c7-4a22-a47d-8c48425ef4a7	https://www.inaturalist.org/observations/240857922	Fungi	Basidiomycota	Agaricomycetes	Russulales	Hericiaceae	Hericium	Hericium americanum		SPECIES	Hericium americanum Ginns	Hericium americanum		CA		Ontario	PRESENT		28eb1a3f-1c15-4a95-931a-4af90ecb574d	45.055835	-77.615528	243.0						2024-08-31T11:52:44	31	8	2024	5248551	5248551	HUMAN_OBSERVATION	iNaturalist	Observations	240857922		jeremyinglis	2024-09-10T00:51:30	CC_BY_NC_4_0	jeremyinglis	jeremyinglis			2025-01-14T13:43:46.592Z	StillImage	COORDINATE_ROUNDED;CONTINENT_DERIVED_FROM_COORDINATES;TAXON_MATCH_TAXON_ID_IGNORED
4926266661	50c9509d-22c7-4a22-a47d-8c48425ef4a7	https://www.inaturalist.org/observations/234737902	Fungi	Basidiomycota	Agaricomycetes	Russulales	Hericiaceae	Hericium	Hericium americanum		SPECIES	Hericium americanum Ginns	Hericium americanum		CA		New Brunswick	PRESENT		28eb1a3f-1c15-4a95-931a-4af90ecb574d	46.003905	-66.879051	86.0						2021-09-26T13:02:17	26	9	2021	5248551	5248551	HUMAN_OBSERVATION	iNaturalist	Observations	234737902		statelyelms	2024-08-09T18:46:21	CC_BY_4_0	statelyelms	statelyelms			2025-01-14T12:48:11.946Z	StillImage	COORDINATE_ROUNDED;CONTINENT_DERIVED_FROM_COORDINATES;TAXON_MATCH_TAXON_ID_IGNORED
4909231806	50c9509d-22c7-4a22-a47d-8c48425ef4a7	https://www.inaturalist.org/observations/226707029	Fungi	Basidiomycota	Agaricomycetes	Russulales	Hericiaceae	Hericium	Hericium americanum		SPECIES	Hericium americanum Ginns	Hericium americanum		CA		Québec	PRESENT		28eb1a3f-1c15-4a95-931a-4af90ecb574d	45.444762	-74.13669	84.0						2023-09-08T10:10:35	8	9	2023	5248551	5248551	HUMAN_OBSERVATION	iNaturalist	Observations	226707029		Gaby Beland	2024-07-03T16:38:10	CC_BY_NC_4_0	bugsnplants	bugsnplants			2025-01-14T13:36:16.123Z	StillImage	COORDINATE_ROUNDED;CONTINENT_DERIVED_FROM_COORDINATES;TAXON_MATCH_TAXON_ID_IGNORED
4908631304	50c9509d-22c7-4a22-a47d-8c48425ef4a7	https://www.inaturalist.org/observations/224684047	Fungi	Basidiomycota	Agaricomycetes	Russulales	Hericiaceae	Hericium	Hericium americanum		SPECIES	Hericium americanum Ginns	Hericium americanum		CA		Québec	PRESENT		28eb1a3f-1c15-4a95-931a-4af90ecb574d	46.741667	-71.201944	20.0						2023-10-09T13:27	9	10	2023	5248551	5248551	HUMAN_OBSERVATION	iNaturalist	Observations	224684047		dfortier409	2024-06-23T17:29:00	CC_BY_NC_4_0	dfortier409	dfortier409			2025-01-14T12:47:53.426Z	StillImage	COORDINATE_ROUNDED;CONTINENT_DERIVED_FROM_COORDINATES;TAXON_MATCH_TAXON_ID_IGNORED
4901799206	50c9509d-22c7-4a22-a47d-8c48425ef4a7	https://www.inaturalist.org/observations/182536611	Fungi	Basidiomycota	Agaricomycetes	Russulales	Hericiaceae	Hericium	Hericium americanum		SPECIES	Hericium americanum Ginns	Hericium americanum		CA		Ontario	PRESENT		28eb1a3f-1c15-4a95-931a-4af90ecb574d	45.427063	-75.545548	7972.0						2023-09-09T10:13:57	9	9	2023	5248551	5248551	HUMAN_OBSERVATION	iNaturalist	Observations	182536611		a-tara-xy	2023-09-09T21:22:50	CC_BY_NC_4_0	a-tara-xy	a-tara-xy			2025-01-14T12:42:34.048Z	StillImage	COORDINATE_ROUNDED;CONTINENT_DERIVED_FROM_COORDINATES;TAXON_MATCH_TAXON_ID_IGNORED
4892110316	50c9509d-22c7-4a22-a47d-8c48425ef4a7	https://www.inaturalist.org/observations/220984142	Fungi	Basidiomycota	Agaricomycetes	Russulales	Hericiaceae	Hericium	Hericium americanum		SPECIES	Hericium americanum Ginns	Hericium americanum		CA		Ontario	PRESENT		28eb1a3f-1c15-4a95-931a-4af90ecb574d	45.630555	-77.07164	30.0						2023-10-28T14:41	28	10	2023	5248551	5248551	HUMAN_OBSERVATION	iNaturalist	Observations	220984142		bogend	2024-06-06T22:25:57	CC_BY_NC_4_0	bogend	bogend			2025-01-14T13:36:07.728Z	StillImage	COORDINATE_ROUNDED;CONTINENT_DERIVED_FROM_COORDINATES;TAXON_MATCH_TAXON_ID_IGNORED
4891716974	50c9509d-22c7-4a22-a47d-8c48425ef4a7	https://www.inaturalist.org/observations/220981915	Fungi	Basidiomycota	Agaricomycetes	Russulales	Hericiaceae	Hericium	Hericium americanum		SPECIES	Hericium americanum Ginns	Hericium americanum		CA		Ontario	PRESENT		28eb1a3f-1c15-4a95-931a-4af90ecb574d	45.631795	-77.072312	30.0						2023-10-28T14:37	28	10	2023	5248551	5248551	HUMAN_OBSERVATION	iNaturalist	Observations	220981915		bogend	2024-06-06T22:11:45	CC_BY_NC_4_0	bogend	bogend			2025-01-14T13:41:10.412Z	StillImage	COORDINATE_ROUNDED;CONTINENT_DERIVED_FROM_COORDINATES;TAXON_MATCH_TAXON_ID_IGNORED
4875363885	50c9509d-22c7-4a22-a47d-8c48425ef4a7	https://www.inaturalist.org/observations/220388049	Fungi	Basidiomycota	Agaricomycetes	Russulales	Hericiaceae	Hericium	Hericium americanum		SPECIES	Hericium americanum Ginns	Hericium americanum		CA		Québec	PRESENT		28eb1a3f-1c15-4a95-931a-4af90ecb574d	45.412553	-72.675686	19.0						2023-09-11T08:46	11	9	2023	5248551	5248551	HUMAN_OBSERVATION	iNaturalist	Observations	220388049		Vincent Laurie	2024-06-04T02:28:58	CC_BY_NC_4_0	Vincent Laurie	Vincent Laurie			2025-01-14T12:47:04.768Z	StillImage	COORDINATE_ROUNDED;CONTINENT_DERIVED_FROM_COORDINATES;TAXON_MATCH_TAXON_ID_IGNORED
4855049288	50c9509d-22c7-4a22-a47d-8c48425ef4a7	https://www.inaturalist.org/observations/213468989	Fungi	Basidiomycota	Agaricomycetes	Russulales	Hericiaceae	Hericium	Hericium americanum		SPECIES	Hericium americanum Ginns	Hericium americanum		CA		Québec	PRESENT		28eb1a3f-1c15-4a95-931a-4af90ecb574d	46.105521	-75.716709	29.0						2023-09-10T11:46:27	10	9	2023	5248551	5248551	HUMAN_OBSERVATION	iNaturalist	Observations	213468989		Taylor Routledge	2024-05-04T19:06:40	CC_BY_NC_4_0	bguse	bguse			2025-01-14T12:46:34.464Z	StillImage	COORDINATE_ROUNDED;CONTINENT_DERIVED_FROM_COORDINATES;TAXON_MATCH_TAXON_ID_IGNORED
4854791701	50c9509d-22c7-4a22-a47d-8c48425ef4a7	https://www.inaturalist.org/observations/212901171	Fungi	Basidiomycota	Agaricomycetes	Russulales	Hericiaceae	Hericium	Hericium americanum		SPECIES	Hericium americanum Ginns	Hericium americanum		CA		Ontario	PRESENT		28eb1a3f-1c15-4a95-931a-4af90ecb574d	45.057041	-76.134737	27222.0						2023-10-10T16:03:42	10	10	2023	5248551	5248551	HUMAN_OBSERVATION	iNaturalist	Observations	212901171		ruginsect	2024-05-02T15:10:50	CC_BY_NC_4_0	ruginsect	ruginsect			2025-01-14T12:44:45.634Z	StillImage	COORDINATE_ROUNDED;CONTINENT_DERIVED_FROM_COORDINATES;TAXON_MATCH_TAXON_ID_IGNORED
4852677652	50c9509d-22c7-4a22-a47d-8c48425ef4a7	https://www.inaturalist.org/observations/189066579	Fungi	Basidiomycota	Agaricomycetes	Russulales	Hericiaceae	Hericium	Hericium americanum		SPECIES	Hericium americanum Ginns	Hericium americanum		CA		Québec	PRESENT		28eb1a3f-1c15-4a95-931a-4af90ecb574d	45.535778	-75.870208	24.0						2023-10-26T14:18:47	26	10	2023	5248551	5248551	HUMAN_OBSERVATION	iNaturalist	Observations	189066579		Erin	2023-10-29T06:10:37	CC_BY_NC_4_0	Erin	Erin			2025-01-14T12:42:48.818Z	StillImage	COORDINATE_ROUNDED;CONTINENT_DERIVED_FROM_COORDINATES;TAXON_MATCH_TAXON_ID_IGNORED
4852400266	50c9509d-22c7-4a22-a47d-8c48425ef4a7	https://www.inaturalist.org/observations/212329854	Fungi	Basidiomycota	Agaricomycetes	Russulales	Hericiaceae	Hericium	Hericium americanum		SPECIES	Hericium americanum Ginns	Hericium americanum		CA		Québec	PRESENT		28eb1a3f-1c15-4a95-931a-4af90ecb574d	45.405018	-73.386269	2170.0						2021-09-27T09:15	27	9	2021	5248551	5248551	HUMAN_OBSERVATION	iNaturalist	Observations	212329854		Isabelle Pouliot	2024-04-30T18:13:40	CC_BY_NC_4_0	Isabelle Pouliot	Isabelle Pouliot			2025-01-14T13:40:07.324Z	StillImage	COORDINATE_ROUNDED;CONTINENT_DERIVED_FROM_COORDINATES;TAXON_MATCH_TAXON_ID_IGNORED
4852307804	50c9509d-22c7-4a22-a47d-8c48425ef4a7	https://www.inaturalist.org/observations/208260837	Fungi	Basidiomycota	Agaricomycetes	Russulales	Hericiaceae	Hericium	Hericium americanum		SPECIES	Hericium americanum Ginns	Hericium americanum		CA		New Brunswick	PRESENT		28eb1a3f-1c15-4a95-931a-4af90ecb574d	45.904849	-64.676248	4.0						2023-09-22T15:54:38	22	9	2023	5248551	5248551	HUMAN_OBSERVATION	iNaturalist	Observations	208260837		Taylor Routledge	2024-04-20T16:33:15	CC_BY_NC_4_0	dlirette	dlirette			2025-01-14T12:44:15.008Z	StillImage	COORDINATE_ROUNDED;CONTINENT_DERIVED_FROM_COORDINATES;TAXON_MATCH_TAXON_ID_IGNORED
4600072115	50c9509d-22c7-4a22-a47d-8c48425ef4a7	https://www.inaturalist.org/observations/203657938	Fungi	Basidiomycota	Agaricomycetes	Russulales	Hericiaceae	Hericium	Hericium americanum		SPECIES	Hericium americanum Ginns	Hericium americanum		CA		Ontario	PRESENT		28eb1a3f-1c15-4a95-931a-4af90ecb574d	45.49578	-78.814125	7.0						2023-09-10T10:27:29	10	9	2023	5248551	5248551	HUMAN_OBSERVATION	iNaturalist	Observations	203657938		trottter	2024-03-23T22:33:47	CC_BY_NC_4_0	trottter	trottter			2025-01-14T13:38:12.581Z	StillImage	CONTINENT_DERIVED_FROM_COORDINATES;TAXON_MATCH_TAXON_ID_IGNORED
4597300447	50c9509d-22c7-4a22-a47d-8c48425ef4a7	https://www.inaturalist.org/observations/186931171	Fungi	Basidiomycota	Agaricomycetes	Russulales	Hericiaceae	Hericium	Hericium americanum		SPECIES	Hericium americanum Ginns	Hericium americanum		CA		Québec	PRESENT		28eb1a3f-1c15-4a95-931a-4af90ecb574d	45.454138	-74.307145	4.0						2023-10-09T17:47:56	9	10	2023	5248551	5248551	HUMAN_OBSERVATION	iNaturalist	Observations	186931171		Samuel Gagne	2024-03-08T15:03:34	CC_BY_NC_4_0	Ronald Wan	Ronald Wan			2025-01-14T13:33:29.167Z	StillImage	COORDINATE_ROUNDED;CONTINENT_DERIVED_FROM_COORDINATES;TAXON_MATCH_TAXON_ID_IGNORED
4597240300	50c9509d-22c7-4a22-a47d-8c48425ef4a7	https://www.inaturalist.org/observations/181139243	Fungi	Basidiomycota	Agaricomycetes	Russulales	Hericiaceae	Hericium	Hericium americanum		SPECIES	Hericium americanum Ginns	Hericium americanum		CA		Québec	PRESENT		28eb1a3f-1c15-4a95-931a-4af90ecb574d	45.650545	-75.872108	19.0						2023-08-31T18:51:03	31	8	2023	5248551	5248551	HUMAN_OBSERVATION	iNaturalist	Observations	181139243		calvert7272	2023-09-01T13:22:47	CC_BY_NC_4_0	Celine Perrier	Celine Perrier			2025-01-14T12:39:31.097Z	StillImage	COORDINATE_ROUNDED;CONTINENT_DERIVED_FROM_COORDINATES;TAXON_MATCH_TAXON_ID_IGNORED
4597227929	50c9509d-22c7-4a22-a47d-8c48425ef4a7	https://www.inaturalist.org/observations/137154754	Fungi	Basidiomycota	Agaricomycetes	Russulales	Hericiaceae	Hericium	Hericium americanum		SPECIES	Hericium americanum Ginns	Hericium americanum		CA		Québec	PRESENT		28eb1a3f-1c15-4a95-931a-4af90ecb574d	45.588406	-75.920227							2022-09-30T12:29:56	30	9	2022	5248551	5248551	HUMAN_OBSERVATION	iNaturalist	Observations	137154754		Johann Wagner	2022-10-01T15:33:48	CC_BY_NC_4_0	Johann Wagner	Johann Wagner			2025-01-14T13:25:37.033Z	StillImage	COORDINATE_ROUNDED;CONTINENT_DERIVED_FROM_COORDINATES;TAXON_MATCH_TAXON_ID_IGNORED
4597210664	50c9509d-22c7-4a22-a47d-8c48425ef4a7	https://www.inaturalist.org/observations/98331829	Fungi	Basidiomycota	Agaricomycetes	Russulales	Hericiaceae	Hericium	Hericium americanum		SPECIES	Hericium americanum Ginns	Hericium americanum		CA		Québec	PRESENT		28eb1a3f-1c15-4a95-931a-4af90ecb574d	45.955258	-74.806747	3.0						2021-10-15T17:16:31	15	10	2021	5248551	5248551	HUMAN_OBSERVATION	iNaturalist	Observations	98331829		Mical	2021-10-16T00:22:15	CC_BY_4_0	Mical	Mical			2025-01-14T13:10:56.589Z	StillImage	COORDINATE_ROUNDED;CONTINENT_DERIVED_FROM_COORDINATES;TAXON_MATCH_TAXON_ID_IGNORED
4596838527	50c9509d-22c7-4a22-a47d-8c48425ef4a7	https://www.inaturalist.org/observations/190607849	Fungi	Basidiomycota	Agaricomycetes	Russulales	Hericiaceae	Hericium	Hericium americanum		SPECIES	Hericium americanum Ginns	Hericium americanum		CA		Québec	PRESENT		28eb1a3f-1c15-4a95-931a-4af90ecb574d	45.958625	-74.181533	8.0						2023-09-07T13:49:02	7	9	2023	5248551	5248551	HUMAN_OBSERVATION	iNaturalist	Observations	190607849		chanjean	2023-11-10T20:05:07	CC_BY_NC_4_0	chanjean	chanjean			2025-01-14T12:42:48.275Z	StillImage	COORDINATE_ROUNDED;CONTINENT_DERIVED_FROM_COORDINATES;TAXON_MATCH_TAXON_ID_IGNORED
4596830537	50c9509d-22c7-4a22-a47d-8c48425ef4a7	https://www.inaturalist.org/observations/193379469	Fungi	Basidiomycota	Agaricomycetes	Russulales	Hericiaceae	Hericium	Hericium americanum		SPECIES	Hericium americanum Ginns	Hericium americanum		CA		Québec	PRESENT		28eb1a3f-1c15-4a95-931a-4af90ecb574d	46.911888	-71.215077	31.0						2023-10-02	2	10	2023	5248551	5248551	HUMAN_OBSERVATION	iNaturalist	Observations	193379469		Christian Grenier	2023-12-08T12:58:11	CC_BY_NC_4_0	Christian Grenier	Christian Grenier			2025-01-14T12:43:11.437Z	StillImage	COORDINATE_ROUNDED;CONTINENT_DERIVED_FROM_COORDINATES;TAXON_MATCH_TAXON_ID_IGNORED
4535599071	50c9509d-22c7-4a22-a47d-8c48425ef4a7	https://www.inaturalist.org/observations/193797816	Fungi	Basidiomycota	Agaricomycetes	Russulales	Hericiaceae	Hericium	Hericium americanum		SPECIES	Hericium americanum Ginns	Hericium americanum		CA		Québec	PRESENT		28eb1a3f-1c15-4a95-931a-4af90ecb574d	46.755591	-71.32169	135.0						2023-12-02T13:18:21	2	12	2023	5248551	5248551	HUMAN_OBSERVATION	iNaturalist	Observations	193797816		Antoine Fortin	2024-03-04T20:53:54	CC_BY_NC_4_0	Camille Boucher	Camille Boucher			2025-01-14T13:35:14.608Z	StillImage	COORDINATE_ROUNDED;CONTINENT_DERIVED_FROM_COORDINATES;TAXON_MATCH_TAXON_ID_IGNORED
4528066949	50c9509d-22c7-4a22-a47d-8c48425ef4a7	https://www.inaturalist.org/observations/200473874	Fungi	Basidiomycota	Agaricomycetes	Russulales	Hericiaceae	Hericium	Hericium americanum		SPECIES	Hericium americanum Ginns	Hericium americanum		CA		Québec	PRESENT		28eb1a3f-1c15-4a95-931a-4af90ecb574d	45.550481	-73.469943	519.0						2023-10-06T17:44	6	10	2023	5248551	5248551	HUMAN_OBSERVATION	iNaturalist	Observations	200473874		Antoine Fortin	2024-02-26T02:32:06	CC_BY_NC_4_0	Antoine Fortin	Antoine Fortin			2025-01-14T13:38:42.265Z	StillImage	COORDINATE_ROUNDED;CONTINENT_DERIVED_FROM_COORDINATES;TAXON_MATCH_TAXON_ID_IGNORED
4527956545	50c9509d-22c7-4a22-a47d-8c48425ef4a7	https://www.inaturalist.org/observations/95074935	Fungi	Basidiomycota	Agaricomycetes	Russulales	Hericiaceae	Hericium	Hericium americanum		SPECIES	Hericium americanum Ginns	Hericium americanum		CA		Québec	PRESENT		28eb1a3f-1c15-4a95-931a-4af90ecb574d	45.462837	-73.802933	3974.0						2021-09-16T13:28:34	16	9	2021	5248551	5248551	HUMAN_OBSERVATION	iNaturalist	Observations	95074935		thetoaster	2021-09-16T20:30:27	CC_BY_NC_4_0	thetoaster	thetoaster			2025-01-14T13:14:26.095Z	StillImage	COORDINATE_ROUNDED;CONTINENT_DERIVED_FROM_COORDINATES;TAXON_MATCH_TAXON_ID_IGNORED
4525040649	50c9509d-22c7-4a22-a47d-8c48425ef4a7	https://www.inaturalist.org/observations/97603758	Fungi	Basidiomycota	Agaricomycetes	Russulales	Hericiaceae	Hericium	Hericium americanum		SPECIES	Hericium americanum Ginns	Hericium americanum		CA		Ontario	PRESENT		28eb1a3f-1c15-4a95-931a-4af90ecb574d	45.209653	-75.229105	8.0						2021-10-05T14:01	5	10	2021	5248551	5248551	HUMAN_OBSERVATION	iNaturalist	Observations	97603758		Ben	2022-04-12T23:38:03	CC_BY_4_0	christine123	christine123			2025-01-14T13:15:35.887Z	StillImage	COORDINATE_ROUNDED;CONTINENT_DERIVED_FROM_COORDINATES;TAXON_MATCH_TAXON_ID_IGNORED
4522685539	50c9509d-22c7-4a22-a47d-8c48425ef4a7	https://www.inaturalist.org/observations/198784318	Fungi	Basidiomycota	Agaricomycetes	Russulales	Hericiaceae	Hericium	Hericium americanum		SPECIES	Hericium americanum Ginns	Hericium americanum		CA		Ontario	PRESENT		28eb1a3f-1c15-4a95-931a-4af90ecb574d	45.43189	-76.497036	100.0						2022-09-11T11:50	11	9	2022	5248551	5248551	HUMAN_OBSERVATION	iNaturalist	Observations	198784318		Taylor Routledge	2024-02-09T05:28:14	CC_BY_NC_4_0	Owen Clarkin	Owen Clarkin			2025-01-14T13:37:45.057Z	StillImage	COORDINATE_ROUNDED;CONTINENT_DERIVED_FROM_COORDINATES;TAXON_MATCH_TAXON_ID_IGNORED
4516247825	50c9509d-22c7-4a22-a47d-8c48425ef4a7	https://www.inaturalist.org/observations/97153955	Fungi	Basidiomycota	Agaricomycetes	Russulales	Hericiaceae	Hericium	Hericium americanum		SPECIES	Hericium americanum Ginns	Hericium americanum		CA		Québec	PRESENT		28eb1a3f-1c15-4a95-931a-4af90ecb574d	46.161353	-77.103877							2021-10-03T11:50:58	3	10	2021	5248551	5248551	HUMAN_OBSERVATION	iNaturalist	Observations	97153955		Bradley Rasmussen	2021-10-04T16:09:09	CC_BY_NC_4_0	Bradley Rasmussen	Bradley Rasmussen			2025-01-14T13:10:49.584Z	StillImage	COORDINATE_ROUNDED;CONTINENT_DERIVED_FROM_COORDINATES;TAXON_MATCH_TAXON_ID_IGNORED
4507830512	50c9509d-22c7-4a22-a47d-8c48425ef4a7	https://www.inaturalist.org/observations/96529123	Fungi	Basidiomycota	Agaricomycetes	Russulales	Hericiaceae	Hericium	Hericium americanum		SPECIES	Hericium americanum Ginns	Hericium americanum		CA		Ontario	PRESENT		28eb1a3f-1c15-4a95-931a-4af90ecb574d	45.355941	-75.674276	99.0						2021-09-26T14:46	26	9	2021	5248551	5248551	HUMAN_OBSERVATION	iNaturalist	Observations	96529123		jonathan_mack	2021-09-28T23:42:15	CC_BY_NC_4_0	jonathan_mack	jonathan_mack			2025-01-14T12:21:22.294Z	StillImage	COORDINATE_ROUNDED;CONTINENT_DERIVED_FROM_COORDINATES;TAXON_MATCH_TAXON_ID_IGNORED
4465437560	50c9509d-22c7-4a22-a47d-8c48425ef4a7	https://www.inaturalist.org/observations/193170578	Fungi	Basidiomycota	Agaricomycetes	Russulales	Hericiaceae	Hericium	Hericium americanum		SPECIES	Hericium americanum Ginns	Hericium americanum		CA		Québec	PRESENT		28eb1a3f-1c15-4a95-931a-4af90ecb574d	45.494416	-73.117198	27158.0						2023-09-06T11:55:27	6	9	2023	5248551	5248551	HUMAN_OBSERVATION	iNaturalist	Observations	193170578		rdegeer	2023-12-06T01:38:56	CC_BY_NC_4_0	Alex Wittemeier	Alex Wittemeier			2025-01-14T12:46:55.672Z	StillImage	COORDINATE_ROUNDED;CONTINENT_DERIVED_FROM_COORDINATES;TAXON_MATCH_TAXON_ID_IGNORED
4465419532	50c9509d-22c7-4a22-a47d-8c48425ef4a7	https://www.inaturalist.org/observations/193173917	Fungi	Basidiomycota	Agaricomycetes	Russulales	Hericiaceae	Hericium	Hericium americanum		SPECIES	Hericium americanum Ginns	Hericium americanum		CA		Québec	PRESENT		28eb1a3f-1c15-4a95-931a-4af90ecb574d	45.416324	-73.042819	27158.0						2023-09-06T10:19:18	6	9	2023	5248551	5248551	HUMAN_OBSERVATION	iNaturalist	Observations	193173917		Maddy Leigh	2023-12-06T01:24:30	CC_BY_NC_4_0	Alex Wittemeier	Alex Wittemeier			2025-01-14T13:35:25.633Z	StillImage	COORDINATE_ROUNDED;CONTINENT_DERIVED_FROM_COORDINATES;TAXON_MATCH_TAXON_ID_IGNORED
4458802513	50c9509d-22c7-4a22-a47d-8c48425ef4a7	https://www.inaturalist.org/observations/192779519	Fungi	Basidiomycota	Agaricomycetes	Russulales	Hericiaceae	Hericium	Hericium americanum		SPECIES	Hericium americanum Ginns	Hericium americanum		CA		Québec	PRESENT		28eb1a3f-1c15-4a95-931a-4af90ecb574d	45.201205	-74.325128	4.0						2023-10-09T16:12:26	9	10	2023	5248551	5248551	HUMAN_OBSERVATION	iNaturalist	Observations	192779519		danyelkay	2023-12-02T03:01:19	CC_BY_NC_4_0	danyelkay	danyelkay			2025-01-14T13:28:53.456Z	StillImage	COORDINATE_ROUNDED;CONTINENT_DERIVED_FROM_COORDINATES;TAXON_MATCH_TAXON_ID_IGNORED
4458610266	50c9509d-22c7-4a22-a47d-8c48425ef4a7	https://www.inaturalist.org/observations/188097596	Fungi	Basidiomycota	Agaricomycetes	Russulales	Hericiaceae	Hericium	Hericium americanum		SPECIES	Hericium americanum Ginns	Hericium americanum		CA		Québec	PRESENT		28eb1a3f-1c15-4a95-931a-4af90ecb574d	45.43145	-73.94638	189.0						2023-10-06T21:53	6	10	2023	5248551	5248551	HUMAN_OBSERVATION	iNaturalist	Observations	188097596		Madz	2023-10-19T02:20:05	CC_BY_NC_4_0	Madz	Madz			2025-01-14T13:34:44.152Z	StillImage	CONTINENT_DERIVED_FROM_COORDINATES;TAXON_MATCH_TAXON_ID_IGNORED
4458418330	50c9509d-22c7-4a22-a47d-8c48425ef4a7	https://www.inaturalist.org/observations/189252236	Fungi	Basidiomycota	Agaricomycetes	Russulales	Hericiaceae	Hericium	Hericium americanum		SPECIES	Hericium americanum Ginns	Hericium americanum		CA		Québec	PRESENT		28eb1a3f-1c15-4a95-931a-4af90ecb574d	45.497555	-73.773138	48.0						2023-10-28T13:38	28	10	2023	5248551	5248551	HUMAN_OBSERVATION	iNaturalist	Observations	189252236		nadegepaquette	2023-10-28T17:58:21	CC_BY_NC_4_0	nadegepaquette	nadegepaquette			2025-01-14T13:28:30.180Z	StillImage	COORDINATE_ROUNDED;CONTINENT_DERIVED_FROM_COORDINATES;TAXON_MATCH_TAXON_ID_IGNORED
4442703100	50c9509d-22c7-4a22-a47d-8c48425ef4a7	https://www.inaturalist.org/observations/191567260	Fungi	Basidiomycota	Agaricomycetes	Russulales	Hericiaceae	Hericium	Hericium americanum		SPECIES	Hericium americanum Ginns	Hericium americanum		CA		Québec	PRESENT		28eb1a3f-1c15-4a95-931a-4af90ecb574d	45.497414	-73.778244	4.0						2023-09-11T13:14	11	9	2023	5248551	5248551	HUMAN_OBSERVATION	iNaturalist	Observations	191567260		gr3yhound	2023-11-20T10:10:51	CC_BY_NC_4_0	gr3yhound	gr3yhound			2025-01-14T12:43:00.469Z	StillImage	COORDINATE_ROUNDED;CONTINENT_DERIVED_FROM_COORDINATES;TAXON_MATCH_TAXON_ID_IGNORED
4438935601	50c9509d-22c7-4a22-a47d-8c48425ef4a7	https://www.inaturalist.org/observations/134970647	Fungi	Basidiomycota	Agaricomycetes	Russulales	Hericiaceae	Hericium	Hericium americanum		SPECIES	Hericium americanum Ginns	Hericium americanum		CA		Québec	PRESENT		28eb1a3f-1c15-4a95-931a-4af90ecb574d	45.160653	-72.419178							2022-09-11T11:27:49	11	9	2022	5248551	5248551	HUMAN_OBSERVATION	iNaturalist	Observations	134970647		raduduna	2022-09-15T06:02:11	CC_BY_NC_4_0	Patrice Bourgault	Patrice Bourgault			2025-01-14T12:33:54.158Z	StillImage	CONTINENT_DERIVED_FROM_COORDINATES;TAXON_MATCH_TAXON_ID_IGNORED
4438665079	50c9509d-22c7-4a22-a47d-8c48425ef4a7	https://www.inaturalist.org/observations/186549522	Fungi	Basidiomycota	Agaricomycetes	Russulales	Hericiaceae	Hericium	Hericium americanum		SPECIES	Hericium americanum Ginns	Hericium americanum		CA		Québec	PRESENT		28eb1a3f-1c15-4a95-931a-4af90ecb574d	45.421488	-75.833619	4.0						2023-10-07T11:14:31	7	10	2023	5248551	5248551	HUMAN_OBSERVATION	iNaturalist	Observations	186549522		Richard Tehan	2023-10-07T15:24:50	CC_BY_NC_4_0	sorenss	sorenss			2025-01-14T13:32:00.616Z	StillImage	COORDINATE_ROUNDED;CONTINENT_DERIVED_FROM_COORDINATES;TAXON_MATCH_TAXON_ID_IGNORED
4436089055	50c9509d-22c7-4a22-a47d-8c48425ef4a7	https://www.inaturalist.org/observations/185806538	Fungi	Basidiomycota	Agaricomycetes	Russulales	Hericiaceae	Hericium	Hericium americanum		SPECIES	Hericium americanum Ginns	Hericium americanum		CA		Ontario	PRESENT		28eb1a3f-1c15-4a95-931a-4af90ecb574d	45.388187	-76.533762	35.0						2023-10-01T14:06:35	1	10	2023	5248551	5248551	HUMAN_OBSERVATION	iNaturalist	Observations	185806538		Greg Thorn	2023-10-25T16:14:24	CC_BY_NC_4_0	davey59	davey59			2025-01-14T13:33:07.102Z	StillImage	COORDINATE_ROUNDED;CONTINENT_DERIVED_FROM_COORDINATES;TAXON_MATCH_TAXON_ID_IGNORED
4436066760	50c9509d-22c7-4a22-a47d-8c48425ef4a7	https://www.inaturalist.org/observations/166654267	Fungi	Basidiomycota	Agaricomycetes	Russulales	Hericiaceae	Hericium	Hericium americanum		SPECIES	Hericium americanum Ginns	Hericium americanum		CA		Ontario	PRESENT		28eb1a3f-1c15-4a95-931a-4af90ecb574d	45.234445	-76.737316	100.0						2006-09-22	22	9	2006	5248551	5248551	HUMAN_OBSERVATION	iNaturalist	Observations	166654267		raduduna	2023-06-13T19:36:17	CC_BY_NC_4_0	Daryl Coulson	Daryl Coulson			2025-01-14T12:35:47.279Z	StillImage	COORDINATE_ROUNDED;CONTINENT_DERIVED_FROM_COORDINATES;TAXON_MATCH_TAXON_ID_IGNORED
4431227338	50c9509d-22c7-4a22-a47d-8c48425ef4a7	https://www.inaturalist.org/observations/188332864	Fungi	Basidiomycota	Agaricomycetes	Russulales	Hericiaceae	Hericium	Hericium americanum		SPECIES	Hericium americanum Ginns	Hericium americanum		CA		Québec	PRESENT		28eb1a3f-1c15-4a95-931a-4af90ecb574d	45.554858	-73.472353	31.0						2023-10-09T10:05	9	10	2023	5248551	5248551	HUMAN_OBSERVATION	iNaturalist	Observations	188332864		Antoine Fortin	2023-10-21T02:40:08	CC_BY_NC_4_0	Antoine Fortin	Antoine Fortin			2025-01-14T13:28:22.388Z	StillImage	COORDINATE_ROUNDED;CONTINENT_DERIVED_FROM_COORDINATES;TAXON_MATCH_TAXON_ID_IGNORED
4431207445	50c9509d-22c7-4a22-a47d-8c48425ef4a7	https://www.inaturalist.org/observations/188419360	Fungi	Basidiomycota	Agaricomycetes	Russulales	Hericiaceae	Hericium	Hericium americanum		SPECIES	Hericium americanum Ginns	Hericium americanum		CA		New Brunswick	PRESENT		28eb1a3f-1c15-4a95-931a-4af90ecb574d	45.287968	-66.058045	184.0						2023-10-21T13:48:48	21	10	2023	5248551	5248551	HUMAN_OBSERVATION	iNaturalist	Observations	188419360		Toni Doucette	2023-10-21T19:44:27	CC_BY_NC_4_0	Toni Doucette	Toni Doucette			2025-01-14T12:40:30.540Z	StillImage	COORDINATE_ROUNDED;CONTINENT_DERIVED_FROM_COORDINATES;TAXON_MATCH_TAXON_ID_IGNORED
4431071985	50c9509d-22c7-4a22-a47d-8c48425ef4a7	https://www.inaturalist.org/observations/187515799	Fungi	Basidiomycota	Agaricomycetes	Russulales	Hericiaceae	Hericium	Hericium americanum		SPECIES	Hericium americanum Ginns	Hericium americanum		CA		Ontario	PRESENT		28eb1a3f-1c15-4a95-931a-4af90ecb574d	45.324744	-75.7333							2023-10-01T12:57:18	1	10	2023	5248551	5248551	HUMAN_OBSERVATION	iNaturalist	Observations	187515799		Alina Vorobieva	2023-10-15T16:59:35	CC_BY_NC_4_0	tekrunr	tekrunr			2025-01-14T13:41:40.407Z	StillImage	COORDINATE_ROUNDED;CONTINENT_DERIVED_FROM_COORDINATES;TAXON_MATCH_TAXON_ID_IGNORED
4431017729	50c9509d-22c7-4a22-a47d-8c48425ef4a7	https://www.inaturalist.org/observations/186978325	Fungi	Basidiomycota	Agaricomycetes	Russulales	Hericiaceae	Hericium	Hericium americanum		SPECIES	Hericium americanum Ginns	Hericium americanum		CA		Québec	PRESENT		28eb1a3f-1c15-4a95-931a-4af90ecb574d	45.477128	-75.856195	11.0						2023-10-09T14:27:46	9	10	2023	5248551	5248551	HUMAN_OBSERVATION	iNaturalist	Observations	186978325		Alina Vorobieva	2023-10-15T17:03:42	CC_BY_NC_4_0	Maria Bastas	Maria Bastas			2025-01-14T12:42:33.678Z	StillImage	COORDINATE_ROUNDED;CONTINENT_DERIVED_FROM_COORDINATES;TAXON_MATCH_TAXON_ID_IGNORED
4430933209	50c9509d-22c7-4a22-a47d-8c48425ef4a7	https://www.inaturalist.org/observations/184596024	Fungi	Basidiomycota	Agaricomycetes	Russulales	Hericiaceae	Hericium	Hericium americanum		SPECIES	Hericium americanum Ginns	Hericium americanum		CA		Ontario	PRESENT		28eb1a3f-1c15-4a95-931a-4af90ecb574d	45.274832	-75.793333							2023-09-23T14:32:57	23	9	2023	5248551	5248551	HUMAN_OBSERVATION	iNaturalist	Observations	184596024		imakeprettythings	2023-09-23T21:31:06	CC_BY_NC_4_0	imakeprettythings	imakeprettythings			2025-01-14T12:44:09.999Z	StillImage	CONTINENT_DERIVED_FROM_COORDINATES;TAXON_MATCH_TAXON_ID_IGNORED
4430925869	50c9509d-22c7-4a22-a47d-8c48425ef4a7	https://www.inaturalist.org/observations/179152436	Fungi	Basidiomycota	Agaricomycetes	Russulales	Hericiaceae	Hericium	Hericium americanum		SPECIES	Hericium americanum Ginns	Hericium americanum		CA		Québec	PRESENT		28eb1a3f-1c15-4a95-931a-4af90ecb574d	45.389008	-72.723713	559.0						2023-08-18T15:05	18	8	2023	5248551	5248551	HUMAN_OBSERVATION	iNaturalist	Observations	179152436		Antoine Fortin	2023-08-19T14:29:14	CC_BY_NC_4_0	Antoine Fortin	Antoine Fortin			2025-01-14T13:26:30.742Z	StillImage	COORDINATE_ROUNDED;CONTINENT_DERIVED_FROM_COORDINATES;TAXON_MATCH_TAXON_ID_IGNORED
4430827803	50c9509d-22c7-4a22-a47d-8c48425ef4a7	https://www.inaturalist.org/observations/188823924	Fungi	Basidiomycota	Agaricomycetes	Russulales	Hericiaceae	Hericium	Hericium americanum		SPECIES	Hericium americanum Ginns	Hericium americanum		CA		Québec	PRESENT		28eb1a3f-1c15-4a95-931a-4af90ecb574d	45.482988	-75.858712	16.0						2023-10-24T15:10:54	24	10	2023	5248551	5248551	HUMAN_OBSERVATION	iNaturalist	Observations	188823924		Erin	2023-10-24T20:42:31	CC_BY_NC_4_0	Erin	Erin			2025-01-14T12:41:42.607Z	StillImage	COORDINATE_ROUNDED;CONTINENT_DERIVED_FROM_COORDINATES;TAXON_MATCH_TAXON_ID_IGNORED
4430678730	50c9509d-22c7-4a22-a47d-8c48425ef4a7	https://www.inaturalist.org/observations/188133375	Fungi	Basidiomycota	Agaricomycetes	Russulales	Hericiaceae	Hericium	Hericium americanum		SPECIES	Hericium americanum Ginns	Hericium americanum		CA		New Brunswick	PRESENT		28eb1a3f-1c15-4a95-931a-4af90ecb574d	46.126458	-67.628862	13.0						2023-10-17T10:47:10	17	10	2023	5248551	5248551	HUMAN_OBSERVATION	iNaturalist	Observations	188133375		Richard Tehan	2023-10-19T12:48:39	CC_BY_NC_4_0	lundbohm96	lundbohm96			2025-01-14T12:42:53.135Z	StillImage	COORDINATE_ROUNDED;CONTINENT_DERIVED_FROM_COORDINATES;TAXON_MATCH_TAXON_ID_IGNORED
4430651749	50c9509d-22c7-4a22-a47d-8c48425ef4a7	https://www.inaturalist.org/observations/187803332	Fungi	Basidiomycota	Agaricomycetes	Russulales	Hericiaceae	Hericium	Hericium americanum		SPECIES	Hericium americanum Ginns	Hericium americanum		CA		New Brunswick	PRESENT		28eb1a3f-1c15-4a95-931a-4af90ecb574d	45.6072	-67.444328	100.0						2023-10-13T11:09	13	10	2023	5248551	5248551	HUMAN_OBSERVATION	iNaturalist	Observations	187803332		Alfredo Justo	2023-10-16T17:54:26	CC_BY_NC_4_0	Alfredo Justo	Alfredo Justo			2025-01-14T13:33:18.986Z	StillImage	COORDINATE_ROUNDED;CONTINENT_DERIVED_FROM_COORDINATES;TAXON_MATCH_TAXON_ID_IGNORED
4430633984	50c9509d-22c7-4a22-a47d-8c48425ef4a7	https://www.inaturalist.org/observations/187828301	Fungi	Basidiomycota	Agaricomycetes	Russulales	Hericiaceae	Hericium	Hericium americanum		SPECIES	Hericium americanum Ginns	Hericium americanum		CA		Ontario	PRESENT		28eb1a3f-1c15-4a95-931a-4af90ecb574d	45.515705	-75.345877	68.0						2023-10-16T15:31:50	16	10	2023	5248551	5248551	HUMAN_OBSERVATION	iNaturalist	Observations	187828301		kevinwallace	2023-10-16T21:40:57	CC_BY_NC_4_0	kevinwallace	kevinwallace			2025-01-14T12:40:35.142Z	StillImage	COORDINATE_ROUNDED;CONTINENT_DERIVED_FROM_COORDINATES;TAXON_MATCH_TAXON_ID_IGNORED
4430486069	50c9509d-22c7-4a22-a47d-8c48425ef4a7	https://www.inaturalist.org/observations/181645012	Fungi	Basidiomycota	Agaricomycetes	Russulales	Hericiaceae	Hericium	Hericium americanum		SPECIES	Hericium americanum Ginns	Hericium americanum		CA		Québec	PRESENT		28eb1a3f-1c15-4a95-931a-4af90ecb574d	47.09012	-70.771805	29.0						2023-09-03T14:18:32	3	9	2023	5248551	5248551	HUMAN_OBSERVATION	iNaturalist	Observations	181645012		Antoine Fortin	2023-09-24T22:08:29	CC_BY_NC_4_0	nyaraka	nyaraka			2025-01-14T13:28:51.704Z	StillImage	COORDINATE_ROUNDED;CONTINENT_DERIVED_FROM_COORDINATES;TAXON_MATCH_TAXON_ID_IGNORED
4430446277	50c9509d-22c7-4a22-a47d-8c48425ef4a7	https://www.inaturalist.org/observations/184516067	Fungi	Basidiomycota	Agaricomycetes	Russulales	Hericiaceae	Hericium	Hericium americanum		SPECIES	Hericium americanum Ginns	Hericium americanum		CA		Ontario	PRESENT		28eb1a3f-1c15-4a95-931a-4af90ecb574d	45.118614	-76.347992							2023-09-12T13:15:52	12	9	2023	5248551	5248551	HUMAN_OBSERVATION	iNaturalist	Observations	184516067		fergusnicoll	2023-09-23T12:53:58	CC_BY_4_0	Alexis Williams	Alexis Williams			2025-01-14T12:45:10.237Z	StillImage	COORDINATE_ROUNDED;CONTINENT_DERIVED_FROM_COORDINATES;TAXON_MATCH_TAXON_ID_IGNORED
4430443085	50c9509d-22c7-4a22-a47d-8c48425ef4a7	https://www.inaturalist.org/observations/181801933	Fungi	Basidiomycota	Agaricomycetes	Russulales	Hericiaceae	Hericium	Hericium americanum		SPECIES	Hericium americanum Ginns	Hericium americanum		CA		Québec	PRESENT		28eb1a3f-1c15-4a95-931a-4af90ecb574d	45.210246	-72.515356	1343.0						2023-09-04T10:29:06	4	9	2023	5248551	5248551	HUMAN_OBSERVATION	iNaturalist	Observations	181801933		Antoine Fortin	2023-09-24T15:39:54	CC_BY_NC_4_0	Helene Choquette	Helene Choquette			2025-01-14T12:41:41.760Z	StillImage	COORDINATE_ROUNDED;CONTINENT_DERIVED_FROM_COORDINATES;TAXON_MATCH_TAXON_ID_IGNORED
4430426688	50c9509d-22c7-4a22-a47d-8c48425ef4a7	https://www.inaturalist.org/observations/99662210	Fungi	Basidiomycota	Agaricomycetes	Russulales	Hericiaceae	Hericium	Hericium americanum		SPECIES	Hericium americanum Ginns	Hericium americanum		CA		Ontario	PRESENT		28eb1a3f-1c15-4a95-931a-4af90ecb574d	45.416316	-75.410694	39.0						2021-10-28T17:40:59	28	10	2021	5248551	5248551	HUMAN_OBSERVATION	iNaturalist	Observations	99662210		raduduna	2022-04-22T09:27:08	CC_BY_NC_4_0	abcdz	abcdz			2025-01-14T12:22:54.830Z	StillImage	COORDINATE_ROUNDED;CONTINENT_DERIVED_FROM_COORDINATES;TAXON_MATCH_TAXON_ID_IGNORED
4424697356	50c9509d-22c7-4a22-a47d-8c48425ef4a7	https://www.inaturalist.org/observations/186766114	Fungi	Basidiomycota	Agaricomycetes	Russulales	Hericiaceae	Hericium	Hericium americanum		SPECIES	Hericium americanum Ginns	Hericium americanum		CA		Ontario	PRESENT		28eb1a3f-1c15-4a95-931a-4af90ecb574d	45.324347	-75.812219	193.0						2023-10-08T11:12	8	10	2023	5248551	5248551	HUMAN_OBSERVATION	iNaturalist	Observations	186766114		L Joan Heyding	2023-10-08T22:06:06	CC_BY_NC_4_0	L Joan Heyding	L Joan Heyding			2025-01-14T13:42:28.515Z	StillImage	COORDINATE_ROUNDED;CONTINENT_DERIVED_FROM_COORDINATES;TAXON_MATCH_TAXON_ID_IGNORED
4424658381	50c9509d-22c7-4a22-a47d-8c48425ef4a7	https://www.inaturalist.org/observations/186892495	Fungi	Basidiomycota	Agaricomycetes	Russulales	Hericiaceae	Hericium	Hericium americanum		SPECIES	Hericium americanum Ginns	Hericium americanum		CA		Québec	PRESENT		28eb1a3f-1c15-4a95-931a-4af90ecb574d	46.094742	-74.431777	394.0						2023-10-09T15:16:23	9	10	2023	5248551	5248551	HUMAN_OBSERVATION	iNaturalist	Observations	186892495		little_frog	2023-10-09T19:56:47	CC_BY_NC_4_0	little_frog	little_frog			2025-01-14T13:29:50.907Z	StillImage	COORDINATE_ROUNDED;CONTINENT_DERIVED_FROM_COORDINATES;TAXON_MATCH_TAXON_ID_IGNORED
4424646267	50c9509d-22c7-4a22-a47d-8c48425ef4a7	https://www.inaturalist.org/observations/186716824	Fungi	Basidiomycota	Agaricomycetes	Russulales	Hericiaceae	Hericium	Hericium americanum		SPECIES	Hericium americanum Ginns	Hericium americanum		CA		Ontario	PRESENT		28eb1a3f-1c15-4a95-931a-4af90ecb574d	45.074797	-77.735825	15.0						2023-10-07T11:58:37	7	10	2023	5248551	5248551	HUMAN_OBSERVATION	iNaturalist	Observations	186716824		dmreid	2023-10-08T17:00:06	CC_BY_NC_4_0	dmreid	dmreid			2025-01-14T13:28:10.994Z	StillImage	COORDINATE_ROUNDED;CONTINENT_DERIVED_FROM_COORDINATES;TAXON_MATCH_TAXON_ID_IGNORED
4424336341	50c9509d-22c7-4a22-a47d-8c48425ef4a7	https://www.inaturalist.org/observations/186236488	Fungi	Basidiomycota	Agaricomycetes	Russulales	Hericiaceae	Hericium	Hericium americanum		SPECIES	Hericium americanum Ginns	Hericium americanum		CA		Québec	PRESENT		28eb1a3f-1c15-4a95-931a-4af90ecb574d	45.625661	-73.793215	137.0						2023-09-17T14:45	17	9	2023	5248551	5248551	HUMAN_OBSERVATION	iNaturalist	Observations	186236488		michelcournoyer	2023-10-05T02:04:36	CC_BY_NC_4_0	michelcournoyer	michelcournoyer			2025-01-14T12:45:18.124Z	StillImage	COORDINATE_ROUNDED;CONTINENT_DERIVED_FROM_COORDINATES;TAXON_MATCH_TAXON_ID_IGNORED
4424330527	50c9509d-22c7-4a22-a47d-8c48425ef4a7	https://www.inaturalist.org/observations/186400442	Fungi	Basidiomycota	Agaricomycetes	Russulales	Hericiaceae	Hericium	Hericium americanum		SPECIES	Hericium americanum Ginns	Hericium americanum		CA		Québec	PRESENT		28eb1a3f-1c15-4a95-931a-4af90ecb574d	45.964276	-75.723453	8.0						2023-09-23T13:23:10	23	9	2023	5248551	5248551	HUMAN_OBSERVATION	iNaturalist	Observations	186400442		James Pagé	2023-10-06T13:26:28	CC_BY_NC_4_0	James Pagé	James Pagé			2025-01-14T13:42:27.288Z	StillImage	COORDINATE_ROUNDED;CONTINENT_DERIVED_FROM_COORDINATES;TAXON_MATCH_TAXON_ID_IGNORED
4424288644	50c9509d-22c7-4a22-a47d-8c48425ef4a7	https://www.inaturalist.org/observations/186761390	Fungi	Basidiomycota	Agaricomycetes	Russulales	Hericiaceae	Hericium	Hericium americanum		SPECIES	Hericium americanum Ginns	Hericium americanum		CA		Québec	PRESENT		28eb1a3f-1c15-4a95-931a-4af90ecb574d	45.678578	-73.509528	4.0						2023-10-08T12:05:51	8	10	2023	5248551	5248551	HUMAN_OBSERVATION	iNaturalist	Observations	186761390		gabboilard	2023-10-09T04:14:15	CC_BY_NC_4_0	jestre	jestre			2025-01-14T13:34:07.829Z	StillImage	COORDINATE_ROUNDED;CONTINENT_DERIVED_FROM_COORDINATES;TAXON_MATCH_TAXON_ID_IGNORED
4424187880	50c9509d-22c7-4a22-a47d-8c48425ef4a7	https://www.inaturalist.org/observations/186461956	Fungi	Basidiomycota	Agaricomycetes	Russulales	Hericiaceae	Hericium	Hericium americanum		SPECIES	Hericium americanum Ginns	Hericium americanum		CA		New Brunswick	PRESENT		28eb1a3f-1c15-4a95-931a-4af90ecb574d	45.948579	-66.677581							2023-10-06T10:12:52	6	10	2023	5248551	5248551	HUMAN_OBSERVATION	iNaturalist	Observations	186461956		Andrew MacPherson	2023-10-06T21:45:55	CC0_1_0	Andrew MacPherson	Andrew MacPherson			2025-01-14T12:41:05.292Z	StillImage	COORDINATE_ROUNDED;CONTINENT_DERIVED_FROM_COORDINATES;TAXON_MATCH_TAXON_ID_IGNORED
4424093171	50c9509d-22c7-4a22-a47d-8c48425ef4a7	https://www.inaturalist.org/observations/186551616	Fungi	Basidiomycota	Agaricomycetes	Russulales	Hericiaceae	Hericium	Hericium americanum		SPECIES	Hericium americanum Ginns	Hericium americanum		CA		Québec	PRESENT		28eb1a3f-1c15-4a95-931a-4af90ecb574d	45.43421	-73.94892	189.0						2023-10-05T11:32	5	10	2023	5248551	5248551	HUMAN_OBSERVATION	iNaturalist	Observations	186551616		Madz	2023-10-07T15:31:40	CC_BY_NC_4_0	Madz	Madz			2025-01-14T12:41:24.562Z	StillImage	CONTINENT_DERIVED_FROM_COORDINATES;TAXON_MATCH_TAXON_ID_IGNORED
4421097252	50c9509d-22c7-4a22-a47d-8c48425ef4a7	https://www.inaturalist.org/observations/185922578	Fungi	Basidiomycota	Agaricomycetes	Russulales	Hericiaceae	Hericium	Hericium americanum		SPECIES	Hericium americanum Ginns	Hericium americanum		CA		New Brunswick	PRESENT		28eb1a3f-1c15-4a95-931a-4af90ecb574d	45.948534	-66.67992							2023-10-02T13:22:17	2	10	2023	5248551	5248551	HUMAN_OBSERVATION	iNaturalist	Observations	185922578		Phil H.	2023-10-02T16:36:30	CC_BY_NC_4_0	Phil H.	Phil H.			2025-01-14T13:32:32.122Z	StillImage	COORDINATE_ROUNDED;CONTINENT_DERIVED_FROM_COORDINATES;TAXON_MATCH_TAXON_ID_IGNORED
4421064726	50c9509d-22c7-4a22-a47d-8c48425ef4a7	https://www.inaturalist.org/observations/185749130	Fungi	Basidiomycota	Agaricomycetes	Russulales	Hericiaceae	Hericium	Hericium americanum		SPECIES	Hericium americanum Ginns	Hericium americanum		CA		New Brunswick	PRESENT		28eb1a3f-1c15-4a95-931a-4af90ecb574d	46.220955	-67.725395	9.0						2023-09-29T18:14:40	29	9	2023	5248551	5248551	HUMAN_OBSERVATION	iNaturalist	Observations	185749130		lfra	2023-10-01T15:46:02	CC_BY_NC_4_0	lfra	lfra			2025-01-14T12:42:05.717Z	StillImage	CONTINENT_DERIVED_FROM_COORDINATES;TAXON_MATCH_TAXON_ID_IGNORED
4420946642	50c9509d-22c7-4a22-a47d-8c48425ef4a7	https://www.inaturalist.org/observations/185832682	Fungi	Basidiomycota	Agaricomycetes	Russulales	Hericiaceae	Hericium	Hericium americanum		SPECIES	Hericium americanum Ginns	Hericium americanum		CA		New Brunswick	PRESENT		28eb1a3f-1c15-4a95-931a-4af90ecb574d	45.954845	-66.675667	9.0						2023-09-23T13:23:10	23	9	2023	5248551	5248551	HUMAN_OBSERVATION	iNaturalist	Observations	185832682		abstickz	2023-10-02T00:24:22	CC_BY_NC_4_0	abstickz	abstickz			2025-01-14T12:40:06.214Z	StillImage	COORDINATE_ROUNDED;CONTINENT_DERIVED_FROM_COORDINATES;TAXON_MATCH_TAXON_ID_IGNORED
4417231530	50c9509d-22c7-4a22-a47d-8c48425ef4a7	https://www.inaturalist.org/observations/184940720	Fungi	Basidiomycota	Agaricomycetes	Russulales	Hericiaceae	Hericium	Hericium americanum		SPECIES	Hericium americanum Ginns	Hericium americanum		CA		Québec	PRESENT		28eb1a3f-1c15-4a95-931a-4af90ecb574d	45.699028	-73.502317	15.0						2023-09-24T13:55	24	9	2023	5248551	5248551	HUMAN_OBSERVATION	iNaturalist	Observations	184940720		Silas Kroening	2023-09-25T23:39:24	CC_BY_NC_4_0	sparent66	sparent66			2025-01-14T12:42:17.278Z	StillImage	COORDINATE_ROUNDED;CONTINENT_DERIVED_FROM_COORDINATES;TAXON_MATCH_TAXON_ID_IGNORED
4416999355	50c9509d-22c7-4a22-a47d-8c48425ef4a7	https://www.inaturalist.org/observations/184589916	Fungi	Basidiomycota	Agaricomycetes	Russulales	Hericiaceae	Hericium	Hericium americanum		SPECIES	Hericium americanum Ginns	Hericium americanum		CA		Ontario	PRESENT		28eb1a3f-1c15-4a95-931a-4af90ecb574d	45.172184	-76.256784	252.0						2023-09-23T13:07	23	9	2023	5248551	5248551	HUMAN_OBSERVATION	iNaturalist	Observations	184589916		Igor Khomenko	2023-09-23T20:47:24	CC_BY_NC_4_0	Igor Khomenko	Igor Khomenko			2025-01-14T12:39:59.457Z	StillImage	COORDINATE_ROUNDED;CONTINENT_DERIVED_FROM_COORDINATES;TAXON_MATCH_TAXON_ID_IGNORED
4416835105	50c9509d-22c7-4a22-a47d-8c48425ef4a7	https://www.inaturalist.org/observations/184860937	Fungi	Basidiomycota	Agaricomycetes	Russulales	Hericiaceae	Hericium	Hericium americanum		SPECIES	Hericium americanum Ginns	Hericium americanum		CA		Québec	PRESENT		28eb1a3f-1c15-4a95-931a-4af90ecb574d	46.740237	-71.398843	90.0						2023-09-22T17:54:27	22	9	2023	5248551	5248551	HUMAN_OBSERVATION	iNaturalist	Observations	184860937		Camille Boucher	2023-09-25T13:42:14	CC_BY_NC_4_0	Camille Boucher	Camille Boucher			2025-01-14T12:42:38.798Z	StillImage	COORDINATE_ROUNDED;CONTINENT_DERIVED_FROM_COORDINATES;TAXON_MATCH_TAXON_ID_IGNORED
4416672958	50c9509d-22c7-4a22-a47d-8c48425ef4a7	https://www.inaturalist.org/observations/184164437	Fungi	Basidiomycota	Agaricomycetes	Russulales	Hericiaceae	Hericium	Hericium americanum		SPECIES	Hericium americanum Ginns	Hericium americanum		CA		Québec	PRESENT		28eb1a3f-1c15-4a95-931a-4af90ecb574d	45.546566	-73.3431	377.0						2023-09-08T20:14:40	8	9	2023	5248551	5248551	HUMAN_OBSERVATION	iNaturalist	Observations	184164437		fifthkingdommushrooms	2023-09-20T20:00:45	CC_BY_NC_4_0	fifthkingdommushrooms	fifthkingdommushrooms			2025-01-14T12:42:22.415Z	StillImage	COORDINATE_ROUNDED;CONTINENT_DERIVED_FROM_COORDINATES;TAXON_MATCH_TAXON_ID_IGNORED
4414409112	50c9509d-22c7-4a22-a47d-8c48425ef4a7	https://www.inaturalist.org/observations/183753756	Fungi	Basidiomycota	Agaricomycetes	Russulales	Hericiaceae	Hericium	Hericium americanum		SPECIES	Hericium americanum Ginns	Hericium americanum		CA		Québec	PRESENT		28eb1a3f-1c15-4a95-931a-4af90ecb574d	45.435438	-74.267975	3.0						2023-09-17T14:35:31	17	9	2023	5248551	5248551	HUMAN_OBSERVATION	iNaturalist	Observations	183753756		l_bienvenue	2023-09-17T23:33:06	CC_BY_NC_4_0	l_bienvenue	l_bienvenue			2025-01-14T13:42:09.280Z	StillImage	COORDINATE_ROUNDED;CONTINENT_DERIVED_FROM_COORDINATES;TAXON_MATCH_TAXON_ID_IGNORED
4414353614	50c9509d-22c7-4a22-a47d-8c48425ef4a7	https://www.inaturalist.org/observations/183668879	Fungi	Basidiomycota	Agaricomycetes	Russulales	Hericiaceae	Hericium	Hericium americanum		SPECIES	Hericium americanum Ginns	Hericium americanum		CA		Québec	PRESENT		28eb1a3f-1c15-4a95-931a-4af90ecb574d	45.539472	-75.916867	4.0						2023-09-17T10:14:23	17	9	2023	5248551	5248551	HUMAN_OBSERVATION	iNaturalist	Observations	183668879		Antoine Fortin	2023-09-17T15:59:25	CC_BY_NC_4_0	sinonaturalist	sinonaturalist			2025-01-14T13:33:47.480Z	StillImage	COORDINATE_ROUNDED;CONTINENT_DERIVED_FROM_COORDINATES;TAXON_MATCH_TAXON_ID_IGNORED
4414319971	50c9509d-22c7-4a22-a47d-8c48425ef4a7	https://www.inaturalist.org/observations/183685021	Fungi	Basidiomycota	Agaricomycetes	Russulales	Hericiaceae	Hericium	Hericium americanum		SPECIES	Hericium americanum Ginns	Hericium americanum		CA		Nova Scotia	PRESENT		28eb1a3f-1c15-4a95-931a-4af90ecb574d	45.081696	-64.473808	2299.0						2023-09-17T13:04:35	17	9	2023	5248551	5248551	HUMAN_OBSERVATION	iNaturalist	Observations	183685021		adamwebster	2023-09-17T16:04:44	CC_BY_NC_4_0	adamwebster	adamwebster			2025-01-14T13:32:48.112Z	StillImage	COORDINATE_ROUNDED;CONTINENT_DERIVED_FROM_COORDINATES;TAXON_MATCH_TAXON_ID_IGNORED
4414289854	50c9509d-22c7-4a22-a47d-8c48425ef4a7	https://www.inaturalist.org/observations/184014966	Fungi	Basidiomycota	Agaricomycetes	Russulales	Hericiaceae	Hericium	Hericium americanum		SPECIES	Hericium americanum Ginns	Hericium americanum		CA		New Brunswick	PRESENT		28eb1a3f-1c15-4a95-931a-4af90ecb574d	45.954859	-66.983285	1336.0						2023-09-19T13:27:40	19	9	2023	5248551	5248551	HUMAN_OBSERVATION	iNaturalist	Observations	184014966		charlottetoner	2023-09-19T18:45:09	CC_BY_NC_4_0	charlottetoner	charlottetoner			2025-01-14T12:39:56.293Z	StillImage	COORDINATE_ROUNDED;CONTINENT_DERIVED_FROM_COORDINATES;TAXON_MATCH_TAXON_ID_IGNORED
4414277839	50c9509d-22c7-4a22-a47d-8c48425ef4a7	https://www.inaturalist.org/observations/183585446	Fungi	Basidiomycota	Agaricomycetes	Russulales	Hericiaceae	Hericium	Hericium americanum		SPECIES	Hericium americanum Ginns	Hericium americanum		CA		Québec	PRESENT		28eb1a3f-1c15-4a95-931a-4af90ecb574d	45.383009	-71.904536							2023-09-16T10:40:35	16	9	2023	5248551	5248551	HUMAN_OBSERVATION	iNaturalist	Observations	183585446		pierlucmv	2023-09-16T23:13:27	CC_BY_NC_4_0	pierlucmv	pierlucmv			2025-01-14T12:40:00.228Z	StillImage	COORDINATE_ROUNDED;CONTINENT_DERIVED_FROM_COORDINATES;TAXON_MATCH_TAXON_ID_IGNORED
4414253394	50c9509d-22c7-4a22-a47d-8c48425ef4a7	https://www.inaturalist.org/observations/183676021	Fungi	Basidiomycota	Agaricomycetes	Russulales	Hericiaceae	Hericium	Hericium americanum		SPECIES	Hericium americanum Ginns	Hericium americanum		CA		Ontario	PRESENT		28eb1a3f-1c15-4a95-931a-4af90ecb574d	45.158942	-75.470828							2023-09-17T09:56:26	17	9	2023	5248551	5248551	HUMAN_OBSERVATION	iNaturalist	Observations	183676021		calvert7272	2023-09-18T00:43:04	CC_BY_NC_4_0	Randy	Randy			2025-01-14T12:41:20.985Z	StillImage	COORDINATE_ROUNDED;CONTINENT_DERIVED_FROM_COORDINATES;TAXON_MATCH_TAXON_ID_IGNORED
4414250118	50c9509d-22c7-4a22-a47d-8c48425ef4a7	https://www.inaturalist.org/observations/183602118	Fungi	Basidiomycota	Agaricomycetes	Russulales	Hericiaceae	Hericium	Hericium americanum		SPECIES	Hericium americanum Ginns	Hericium americanum		CA		Québec	PRESENT		28eb1a3f-1c15-4a95-931a-4af90ecb574d	45.973192	-74.253747	4.0						2023-09-16T15:54:22	16	9	2023	5248551	5248551	HUMAN_OBSERVATION	iNaturalist	Observations	183602118		Séléna Bergeron	2023-09-17T01:39:43	CC_BY_NC_4_0	Séléna Bergeron	Séléna Bergeron			2025-01-14T12:40:11.023Z	StillImage	COORDINATE_ROUNDED;CONTINENT_DERIVED_FROM_COORDINATES;TAXON_MATCH_TAXON_ID_IGNORED
4414191909	50c9509d-22c7-4a22-a47d-8c48425ef4a7	https://www.inaturalist.org/observations/182881279	Fungi	Basidiomycota	Agaricomycetes	Russulales	Hericiaceae	Hericium	Hericium americanum		SPECIES	Hericium americanum Ginns	Hericium americanum		CA		Québec	PRESENT		28eb1a3f-1c15-4a95-931a-4af90ecb574d	45.563283	-75.843789	69.0						2023-09-10T14:39:43	10	9	2023	5248551	5248551	HUMAN_OBSERVATION	iNaturalist	Observations	182881279		Kent Prior	2023-09-11T23:53:55	CC_BY_NC_4_0	Kent Prior	Kent Prior			2025-01-14T13:33:41.225Z	StillImage	COORDINATE_ROUNDED;CONTINENT_DERIVED_FROM_COORDINATES;TAXON_MATCH_TAXON_ID_IGNORED
4414159092	50c9509d-22c7-4a22-a47d-8c48425ef4a7	https://www.inaturalist.org/observations/182842656	Fungi	Basidiomycota	Agaricomycetes	Russulales	Hericiaceae	Hericium	Hericium americanum		SPECIES	Hericium americanum Ginns	Hericium americanum		CA		Québec	PRESENT		28eb1a3f-1c15-4a95-931a-4af90ecb574d	45.389498	-72.722909	378.0						2023-09-10T17:56	10	9	2023	5248551	5248551	HUMAN_OBSERVATION	iNaturalist	Observations	182842656		Antoine Fortin	2023-09-11T18:44:34	CC_BY_NC_4_0	Antoine Fortin	Antoine Fortin			2025-01-14T13:32:31.338Z	StillImage	COORDINATE_ROUNDED;CONTINENT_DERIVED_FROM_COORDINATES;TAXON_MATCH_TAXON_ID_IGNORED
4414134723	50c9509d-22c7-4a22-a47d-8c48425ef4a7	https://www.inaturalist.org/observations/182536603	Fungi	Basidiomycota	Agaricomycetes	Russulales	Hericiaceae	Hericium	Hericium americanum		SPECIES	Hericium americanum Ginns	Hericium americanum		CA		New Brunswick	PRESENT		28eb1a3f-1c15-4a95-931a-4af90ecb574d	45.535933	-65.825001	15.0						2023-09-09T18:19	9	9	2023	5248551	5248551	HUMAN_OBSERVATION	iNaturalist	Observations	182536603		Richard Tehan	2023-09-09T23:15:49	CC_BY_NC_4_0	John Blenis	John Blenis			2025-01-14T13:27:20.761Z	StillImage	COORDINATE_ROUNDED;CONTINENT_DERIVED_FROM_COORDINATES;TAXON_MATCH_TAXON_ID_IGNORED
4414046288	50c9509d-22c7-4a22-a47d-8c48425ef4a7	https://www.inaturalist.org/observations/183298962	Fungi	Basidiomycota	Agaricomycetes	Russulales	Hericiaceae	Hericium	Hericium americanum		SPECIES	Hericium americanum Ginns	Hericium americanum		CA		Ontario	PRESENT		28eb1a3f-1c15-4a95-931a-4af90ecb574d	45.490608	-78.86985	4.0						2023-09-14T10:06:07	14	9	2023	5248551	5248551	HUMAN_OBSERVATION	iNaturalist	Observations	183298962		davewise	2023-09-15T01:09:32	CC_BY_NC_4_0	davewise	davewise			2025-01-14T12:41:32.072Z	StillImage	COORDINATE_ROUNDED;CONTINENT_DERIVED_FROM_COORDINATES;TAXON_MATCH_TAXON_ID_IGNORED
4414011372	50c9509d-22c7-4a22-a47d-8c48425ef4a7	https://www.inaturalist.org/observations/183505375	Fungi	Basidiomycota	Agaricomycetes	Russulales	Hericiaceae	Hericium	Hericium americanum		SPECIES	Hericium americanum Ginns	Hericium americanum		CA		Québec	PRESENT		28eb1a3f-1c15-4a95-931a-4af90ecb574d	45.552547	-73.32283	13.0						2023-09-10T15:59:54	10	9	2023	5248551	5248551	HUMAN_OBSERVATION	iNaturalist	Observations	183505375		thomaslwis	2023-09-16T14:41:48	CC_BY_NC_4_0	thomaslwis	thomaslwis			2025-01-14T13:32:22.755Z	StillImage	COORDINATE_ROUNDED;CONTINENT_DERIVED_FROM_COORDINATES;TAXON_MATCH_TAXON_ID_IGNORED
4413983124	50c9509d-22c7-4a22-a47d-8c48425ef4a7	https://www.inaturalist.org/observations/182996466	Fungi	Basidiomycota	Agaricomycetes	Russulales	Hericiaceae	Hericium	Hericium americanum		SPECIES	Hericium americanum Ginns	Hericium americanum		CA		New Brunswick	PRESENT		28eb1a3f-1c15-4a95-931a-4af90ecb574d	45.882053	-66.762962	27095.0						2023-09-12T13:45:35	12	9	2023	5248551	5248551	HUMAN_OBSERVATION	iNaturalist	Observations	182996466		Andrew MacPherson	2023-09-13T00:14:16	CC_BY_4_0	Andrew Lewis	Andrew Lewis			2025-01-14T13:32:09.232Z	StillImage	COORDINATE_ROUNDED;CONTINENT_DERIVED_FROM_COORDINATES;TAXON_MATCH_TAXON_ID_IGNORED
4413779805	50c9509d-22c7-4a22-a47d-8c48425ef4a7	https://www.inaturalist.org/observations/182681703	Fungi	Basidiomycota	Agaricomycetes	Russulales	Hericiaceae	Hericium	Hericium americanum		SPECIES	Hericium americanum Ginns	Hericium americanum		CA		Québec	PRESENT		28eb1a3f-1c15-4a95-931a-4af90ecb574d	45.585287	-75.982075	422.0						2023-09-09T12:31	9	9	2023	5248551	5248551	HUMAN_OBSERVATION	iNaturalist	Observations	182681703		beedle_mcdeedle	2023-09-10T18:46:22	CC_BY_NC_4_0	beedle_mcdeedle	beedle_mcdeedle			2025-01-14T13:27:14.933Z	StillImage	COORDINATE_ROUNDED;CONTINENT_DERIVED_FROM_COORDINATES;TAXON_MATCH_TAXON_ID_IGNORED
4413771759	50c9509d-22c7-4a22-a47d-8c48425ef4a7	https://www.inaturalist.org/observations/183557051	Fungi	Basidiomycota	Agaricomycetes	Russulales	Hericiaceae	Hericium	Hericium americanum		SPECIES	Hericium americanum Ginns	Hericium americanum		CA		Québec	PRESENT		28eb1a3f-1c15-4a95-931a-4af90ecb574d	45.432023	-73.955961							2023-09-16T13:29:16	16	9	2023	5248551	5248551	HUMAN_OBSERVATION	iNaturalist	Observations	183557051		intodream	2023-09-16T20:02:11	CC_BY_NC_4_0	intodream	intodream			2025-01-14T13:27:35.525Z	StillImage	CONTINENT_DERIVED_FROM_COORDINATES;TAXON_MATCH_TAXON_ID_IGNORED
4413672076	50c9509d-22c7-4a22-a47d-8c48425ef4a7	https://www.inaturalist.org/observations/183069628	Fungi	Basidiomycota	Agaricomycetes	Russulales	Hericiaceae	Hericium	Hericium americanum		SPECIES	Hericium americanum Ginns	Hericium americanum		CA		Ontario	PRESENT		28eb1a3f-1c15-4a95-931a-4af90ecb574d	45.375364	-75.694532	10000.0						2023-09-11T07:11	11	9	2023	5248551	5248551	HUMAN_OBSERVATION	iNaturalist	Observations	183069628		mimi_c	2023-09-13T12:33:58	CC_BY_NC_4_0	mimi_c	mimi_c			2025-01-14T13:27:35.538Z	StillImage	COORDINATE_ROUNDED;CONTINENT_DERIVED_FROM_COORDINATES;TAXON_MATCH_TAXON_ID_IGNORED
4413660370	50c9509d-22c7-4a22-a47d-8c48425ef4a7	https://www.inaturalist.org/observations/181979869	Fungi	Basidiomycota	Agaricomycetes	Russulales	Hericiaceae	Hericium	Hericium americanum		SPECIES	Hericium americanum Ginns	Hericium americanum		CA		Québec	PRESENT		28eb1a3f-1c15-4a95-931a-4af90ecb574d	45.451494	-73.477403	115.0						2023-09-05T18:57:37	5	9	2023	5248551	5248551	HUMAN_OBSERVATION	iNaturalist	Observations	181979869		intodream	2023-09-05T23:14:14	CC_BY_NC_4_0	intodream	intodream			2025-01-14T12:39:29.816Z	StillImage	COORDINATE_ROUNDED;CONTINENT_DERIVED_FROM_COORDINATES;TAXON_MATCH_TAXON_ID_IGNORED
4413492192	50c9509d-22c7-4a22-a47d-8c48425ef4a7	https://www.inaturalist.org/observations/182740060	Fungi	Basidiomycota	Agaricomycetes	Russulales	Hericiaceae	Hericium	Hericium americanum		SPECIES	Hericium americanum Ginns	Hericium americanum		CA		New Brunswick	PRESENT		28eb1a3f-1c15-4a95-931a-4af90ecb574d	45.957105	-66.669105							2023-09-10T11:27:52	10	9	2023	5248551	5248551	HUMAN_OBSERVATION	iNaturalist	Observations	182740060		Andrew MacPherson	2023-09-11T01:05:39	CC0_1_0	Andrew MacPherson	Andrew MacPherson			2025-01-14T12:40:09.104Z	StillImage	COORDINATE_ROUNDED;CONTINENT_DERIVED_FROM_COORDINATES;TAXON_MATCH_TAXON_ID_IGNORED
4413451208	50c9509d-22c7-4a22-a47d-8c48425ef4a7	https://www.inaturalist.org/observations/182473190	Fungi	Basidiomycota	Agaricomycetes	Russulales	Hericiaceae	Hericium	Hericium americanum		SPECIES	Hericium americanum Ginns	Hericium americanum		CA		Québec	PRESENT		28eb1a3f-1c15-4a95-931a-4af90ecb574d	47.075144	-70.911419							2023-09-09T11:00:56	9	9	2023	5248551	5248551	HUMAN_OBSERVATION	iNaturalist	Observations	182473190		Peter Soroye	2023-09-09T15:01:51	CC_BY_NC_4_0	Peter Soroye	Peter Soroye			2025-01-14T13:32:39.070Z	StillImage	COORDINATE_ROUNDED;CONTINENT_DERIVED_FROM_COORDINATES;TAXON_MATCH_TAXON_ID_IGNORED
4407410501	50c9509d-22c7-4a22-a47d-8c48425ef4a7	https://www.inaturalist.org/observations/181493832	Fungi	Basidiomycota	Agaricomycetes	Russulales	Hericiaceae	Hericium	Hericium americanum		SPECIES	Hericium americanum Ginns	Hericium americanum		CA		Québec	PRESENT		28eb1a3f-1c15-4a95-931a-4af90ecb574d	45.529697	-75.865067	3.0						2023-09-02T11:25:37	2	9	2023	5248551	5248551	HUMAN_OBSERVATION	iNaturalist	Observations	181493832		jabouk	2023-09-03T02:21:13	CC_BY_NC_4_0	jabouk	jabouk			2025-01-14T12:41:18.979Z	StillImage	COORDINATE_ROUNDED;CONTINENT_DERIVED_FROM_COORDINATES;TAXON_MATCH_TAXON_ID_IGNORED
4400266177	50c9509d-22c7-4a22-a47d-8c48425ef4a7	https://www.inaturalist.org/observations/179072199	Fungi	Basidiomycota	Agaricomycetes	Russulales	Hericiaceae	Hericium	Hericium americanum		SPECIES	Hericium americanum Ginns	Hericium americanum		CA		Québec	PRESENT		28eb1a3f-1c15-4a95-931a-4af90ecb574d	45.488607	-75.615433	349.0						2023-08-18T14:34:22	18	8	2023	5248551	5248551	HUMAN_OBSERVATION	iNaturalist	Observations	179072199		claimh	2023-08-19T00:30:54	CC_BY_NC_4_0	claimh	claimh			2025-01-14T12:43:34.723Z	StillImage	COORDINATE_ROUNDED;CONTINENT_DERIVED_FROM_COORDINATES;TAXON_MATCH_TAXON_ID_IGNORED
4399980032	50c9509d-22c7-4a22-a47d-8c48425ef4a7	https://www.inaturalist.org/observations/178629249	Fungi	Basidiomycota	Agaricomycetes	Russulales	Hericiaceae	Hericium	Hericium americanum		SPECIES	Hericium americanum Ginns	Hericium americanum		CA		Ontario	PRESENT		28eb1a3f-1c15-4a95-931a-4af90ecb574d	45.529083	-78.707528	257.0						2023-08-15T13:47:47	15	8	2023	5248551	5248551	HUMAN_OBSERVATION	iNaturalist	Observations	178629249		shawn is he	2023-08-16T02:30:59	CC_BY_NC_4_0	shawn is he	shawn is he			2025-01-14T13:26:26.796Z	StillImage	COORDINATE_ROUNDED;CONTINENT_DERIVED_FROM_COORDINATES;TAXON_MATCH_TAXON_ID_IGNORED
4399888154	50c9509d-22c7-4a22-a47d-8c48425ef4a7	https://www.inaturalist.org/observations/178759983	Fungi	Basidiomycota	Agaricomycetes	Russulales	Hericiaceae	Hericium	Hericium americanum		SPECIES	Hericium americanum Ginns	Hericium americanum		CA		Ontario	PRESENT		28eb1a3f-1c15-4a95-931a-4af90ecb574d	45.572728	-78.52515	182.0						2023-08-16T10:49:24	16	8	2023	5248551	5248551	HUMAN_OBSERVATION	iNaturalist	Observations	178759983		cheese-	2023-08-16T23:01:01	CC_BY_NC_4_0	cheese-	cheese-			2025-01-14T12:38:52.216Z	StillImage	COORDINATE_ROUNDED;CONTINENT_DERIVED_FROM_COORDINATES;TAXON_MATCH_TAXON_ID_IGNORED
4177518439	50c9509d-22c7-4a22-a47d-8c48425ef4a7	https://www.inaturalist.org/observations/178288257	Fungi	Basidiomycota	Agaricomycetes	Russulales	Hericiaceae	Hericium	Hericium americanum		SPECIES	Hericium americanum Ginns	Hericium americanum		CA		Québec	PRESENT		28eb1a3f-1c15-4a95-931a-4af90ecb574d	45.924599	-74.019524	92.0						2023-08-13T12:13	13	8	2023	5248551	5248551	HUMAN_OBSERVATION	iNaturalist	Observations	178288257		egrenier	2023-08-14T00:37:44	CC_BY_NC_4_0	egrenier	egrenier			2025-01-14T13:32:03.396Z	StillImage	CONTINENT_DERIVED_FROM_COORDINATES;TAXON_MATCH_TAXON_ID_IGNORED
4171466198	50c9509d-22c7-4a22-a47d-8c48425ef4a7	https://www.inaturalist.org/observations/176175304	Fungi	Basidiomycota	Agaricomycetes	Russulales	Hericiaceae	Hericium	Hericium americanum		SPECIES	Hericium americanum Ginns	Hericium americanum		CA		Ontario	PRESENT		28eb1a3f-1c15-4a95-931a-4af90ecb574d	45.589795	-78.340656	186.0						2023-08-01T14:15:15	1	8	2023	5248551	5248551	HUMAN_OBSERVATION	iNaturalist	Observations	176175304		Sarah Lamond	2023-08-01T21:16:48	CC_BY_NC_4_0	Sarah Lamond	Sarah Lamond			2025-01-14T12:38:31.237Z	StillImage	COORDINATE_ROUNDED;CONTINENT_DERIVED_FROM_COORDINATES;TAXON_MATCH_TAXON_ID_IGNORED
4166297143	695cef75-b65f-4776-b2ed-74565eebb16e	02-01000915742	Fungi	Basidiomycota	Agaricomycetes	Russulales	Hericiaceae	Hericium	Hericium americanum		SPECIES	Hericium americanum Ginns	Hericium americanum	Ginns	CA	Beaver Pond Trail	Ontario	PRESENT		055bd978-2daa-4543-b3f0-44e0e87e86ca	45.591667	-78.35							1974-08-30	30	8	1974	5248551	5248551	PRESERVED_SPECIMEN	AAFC	DAOM	186745		D. Malloch		CC_BY_4_0	©His Majesty the King in Right of Canada, as represented by the Minister of Agriculture and Agri-Food	? P. Johnson			2025-01-12T05:11:16.405Z		GEODETIC_DATUM_ASSUMED_WGS84;CONTINENT_DERIVED_FROM_COORDINATES;TAXON_MATCH_TAXON_ID_IGNORED;INSTITUTION_MATCH_FUZZY
4129983383	50c9509d-22c7-4a22-a47d-8c48425ef4a7	https://www.inaturalist.org/observations/97646403	Fungi	Basidiomycota	Agaricomycetes	Russulales	Hericiaceae	Hericium	Hericium americanum		SPECIES	Hericium americanum Ginns	Hericium americanum		CA		Québec	PRESENT		28eb1a3f-1c15-4a95-931a-4af90ecb574d	45.43012	-73.945908	20.0						2021-10-09T10:24:30	9	10	2021	5248551	5248551	HUMAN_OBSERVATION	iNaturalist	Observations	97646403		Ben	2022-09-03T22:22:41	CC_BY_NC_4_0	Timothy Law	Timothy Law			2025-01-14T13:16:10.110Z	StillImage	COORDINATE_ROUNDED;CONTINENT_DERIVED_FROM_COORDINATES;TAXON_MATCH_TAXON_ID_IGNORED
4129900334	50c9509d-22c7-4a22-a47d-8c48425ef4a7	https://www.inaturalist.org/observations/57357527	Fungi	Basidiomycota	Agaricomycetes	Russulales	Hericiaceae	Hericium	Hericium americanum		SPECIES	Hericium americanum Ginns	Hericium americanum		CA		Ontario	PRESENT		28eb1a3f-1c15-4a95-931a-4af90ecb574d	45.509023	-75.341938	93.0						2020-08-20	20	8	2020	5248551	5248551	HUMAN_OBSERVATION	iNaturalist	Observations	57357527		jonathan_mack	2020-10-09T15:55:00	CC_BY_NC_4_0	kevinwallace	kevinwallace			2025-01-14T12:14:37.937Z	StillImage	CONTINENT_DERIVED_FROM_COORDINATES;TAXON_MATCH_TAXON_ID_IGNORED
4121350469	50c9509d-22c7-4a22-a47d-8c48425ef4a7	https://www.inaturalist.org/observations/137159350	Fungi	Basidiomycota	Agaricomycetes	Russulales	Hericiaceae	Hericium	Hericium americanum		SPECIES	Hericium americanum Ginns	Hericium americanum		CA		Ontario	PRESENT		28eb1a3f-1c15-4a95-931a-4af90ecb574d	45.342137	-75.924233	458.0						2022-10-01T10:33:04	1	10	2022	5248551	5248551	HUMAN_OBSERVATION	iNaturalist	Observations	137159350		meswift	2022-10-01T16:07:39	CC_BY_NC_4_0	meswift	meswift			2025-01-14T12:31:47.304Z	StillImage	COORDINATE_ROUNDED;CONTINENT_DERIVED_FROM_COORDINATES;TAXON_MATCH_TAXON_ID_IGNORED
4076281430	50c9509d-22c7-4a22-a47d-8c48425ef4a7	https://www.inaturalist.org/observations/56315222	Fungi	Basidiomycota	Agaricomycetes	Russulales	Hericiaceae	Hericium	Hericium americanum		SPECIES	Hericium americanum Ginns	Hericium americanum		CA		Ontario	PRESENT		28eb1a3f-1c15-4a95-931a-4af90ecb574d	45.260978	-75.367462							2017-09-23T11:41:55	23	9	2017	5248551	5248551	HUMAN_OBSERVATION	iNaturalist	Observations	56315222		raduduna	2022-04-18T10:29:49	CC_BY_NC_4_0	Randy	Randy			2025-01-14T13:03:27.989Z	StillImage	COORDINATE_ROUNDED;CONTINENT_DERIVED_FROM_COORDINATES;TAXON_MATCH_TAXON_ID_IGNORED
4067214094	50c9509d-22c7-4a22-a47d-8c48425ef4a7	https://www.inaturalist.org/observations/151398950	Fungi	Basidiomycota	Agaricomycetes	Russulales	Hericiaceae	Hericium	Hericium americanum		SPECIES	Hericium americanum Ginns	Hericium americanum		CA		Ontario	PRESENT		28eb1a3f-1c15-4a95-931a-4af90ecb574d	45.549335	-74.417839	10.0						2021-09-25T13:52	25	9	2021	5248551	5248551	HUMAN_OBSERVATION	iNaturalist	Observations	151398950		Jakob Mueller	2023-03-17T16:31:47	CC_BY_NC_4_0	Jakob Mueller	Jakob Mueller			2025-01-14T12:33:28.055Z	StillImage	COORDINATE_ROUNDED;CONTINENT_DERIVED_FROM_COORDINATES;TAXON_MATCH_TAXON_ID_IGNORED
4062739236	50c9509d-22c7-4a22-a47d-8c48425ef4a7	https://www.inaturalist.org/observations/151003135	Fungi	Basidiomycota	Agaricomycetes	Russulales	Hericiaceae	Hericium	Hericium americanum		SPECIES	Hericium americanum Ginns	Hericium americanum		CA		Ontario	PRESENT		28eb1a3f-1c15-4a95-931a-4af90ecb574d	45.552446	-74.41644	10.0						2021-09-25T10:34	25	9	2021	5248551	5248551	HUMAN_OBSERVATION	iNaturalist	Observations	151003135		Jakob Mueller	2023-03-13T03:02:47	CC_BY_NC_4_0	Jakob Mueller	Jakob Mueller			2025-01-14T12:34:22.660Z	StillImage	COORDINATE_ROUNDED;CONTINENT_DERIVED_FROM_COORDINATES;TAXON_MATCH_TAXON_ID_IGNORED
4054773444	50c9509d-22c7-4a22-a47d-8c48425ef4a7	https://www.inaturalist.org/observations/119173102	Fungi	Basidiomycota	Agaricomycetes	Russulales	Hericiaceae	Hericium	Hericium americanum		SPECIES	Hericium americanum Ginns	Hericium americanum		CA		Ontario	PRESENT		28eb1a3f-1c15-4a95-931a-4af90ecb574d	45.258889	-75.347208	426.0						2021-10-29T11:00	29	10	2021	5248551	5248551	HUMAN_OBSERVATION	iNaturalist	Observations	119173102		raduduna	2022-07-17T14:26:09	CC_BY_NC_4_0	Robert Roach	Robert Roach			2025-01-14T12:31:08.860Z	StillImage	COORDINATE_ROUNDED;CONTINENT_DERIVED_FROM_COORDINATES;TAXON_MATCH_TAXON_ID_IGNORED
4018564065	50c9509d-22c7-4a22-a47d-8c48425ef4a7	https://www.inaturalist.org/observations/146467250	Fungi	Basidiomycota	Agaricomycetes	Russulales	Hericiaceae	Hericium	Hericium americanum		SPECIES	Hericium americanum Ginns	Hericium americanum		CA		Ontario	PRESENT		28eb1a3f-1c15-4a95-931a-4af90ecb574d	45.323888	-75.939	671.0						2022-10-01T13:15:25	1	10	2022	5248551	5248551	HUMAN_OBSERVATION	iNaturalist	Observations	146467250		bluecardinal	2023-01-13T15:02:29	CC_BY_NC_4_0	bluecardinal	bluecardinal			2025-01-14T13:26:12.511Z	StillImage	COORDINATE_ROUNDED;CONTINENT_DERIVED_FROM_COORDINATES;TAXON_MATCH_TAXON_ID_IGNORED
4018526668	50c9509d-22c7-4a22-a47d-8c48425ef4a7	https://www.inaturalist.org/observations/135716379	Fungi	Basidiomycota	Agaricomycetes	Russulales	Hericiaceae	Hericium	Hericium americanum		SPECIES	Hericium americanum Ginns	Hericium americanum		CA		Québec	PRESENT		28eb1a3f-1c15-4a95-931a-4af90ecb574d	46.757563	-71.322083	31.0						2022-09-19T18:02	19	9	2022	5248551	5248551	HUMAN_OBSERVATION	iNaturalist	Observations	135716379		Pierrick Bloin	2022-09-19T22:07:10	CC_BY_NC_4_0	Pierrick Bloin	Pierrick Bloin			2025-01-14T13:25:48.585Z	StillImage	COORDINATE_ROUNDED;CONTINENT_DERIVED_FROM_COORDINATES;TAXON_MATCH_TAXON_ID_IGNORED
4009943651	50c9509d-22c7-4a22-a47d-8c48425ef4a7	https://www.inaturalist.org/observations/144327228	Fungi	Basidiomycota	Agaricomycetes	Russulales	Hericiaceae	Hericium	Hericium americanum		SPECIES	Hericium americanum Ginns	Hericium americanum		CA		Québec	PRESENT		28eb1a3f-1c15-4a95-931a-4af90ecb574d	45.458604	-74.132884	8.0						2015-08-28T14:42	28	8	2015	5248551	5248551	HUMAN_OBSERVATION	iNaturalist	Observations	144327228		raduduna	2022-12-17T17:39:46	CC_BY_NC_4_0	Kilby Gordon	Kilby Gordon			2025-01-14T13:34:28.318Z	StillImage	COORDINATE_ROUNDED;CONTINENT_DERIVED_FROM_COORDINATES;TAXON_MATCH_TAXON_ID_IGNORED
4006703824	50c9509d-22c7-4a22-a47d-8c48425ef4a7	https://www.inaturalist.org/observations/144427842	Fungi	Basidiomycota	Agaricomycetes	Russulales	Hericiaceae	Hericium	Hericium americanum		SPECIES	Hericium americanum Ginns	Hericium americanum		CA		Québec	PRESENT		28eb1a3f-1c15-4a95-931a-4af90ecb574d	45.427043	-73.9439	18.0						2022-10-16T17:36:18	16	10	2022	5248551	5248551	HUMAN_OBSERVATION	iNaturalist	Observations	144427842		Don-Jean Leandri-Breton	2022-12-15T17:48:19	CC_BY_NC_4_0	Don-Jean Leandri-Breton	Don-Jean Leandri-Breton			2025-01-14T12:32:51.104Z		COORDINATE_ROUNDED;CONTINENT_DERIVED_FROM_COORDINATES;TAXON_MATCH_TAXON_ID_IGNORED
3988719672	50c9509d-22c7-4a22-a47d-8c48425ef4a7	https://www.inaturalist.org/observations/142907716	Fungi	Basidiomycota	Agaricomycetes	Russulales	Hericiaceae	Hericium	Hericium americanum		SPECIES	Hericium americanum Ginns	Hericium americanum		CA		Québec	PRESENT		28eb1a3f-1c15-4a95-931a-4af90ecb574d	46.913181	-71.233714	61.0						2022-09-11	11	9	2022	5248551	5248551	HUMAN_OBSERVATION	iNaturalist	Observations	142907716		Christian Grenier	2022-11-26T12:46:23	CC_BY_NC_4_0	Christian Grenier	Christian Grenier			2025-01-14T13:26:56.166Z	StillImage	COORDINATE_ROUNDED;CONTINENT_DERIVED_FROM_COORDINATES;TAXON_MATCH_TAXON_ID_IGNORED
3988563291	50c9509d-22c7-4a22-a47d-8c48425ef4a7	https://www.inaturalist.org/observations/143808467	Fungi	Basidiomycota	Agaricomycetes	Russulales	Hericiaceae	Hericium	Hericium americanum		SPECIES	Hericium americanum Ginns	Hericium americanum		CA		Québec	PRESENT		28eb1a3f-1c15-4a95-931a-4af90ecb574d	45.110044	-74.34642	7576.0						2022-09-18T10:48:43	18	9	2022	5248551	5248551	HUMAN_OBSERVATION	iNaturalist	Observations	143808467		viktoriyazatsarna	2022-12-06T18:47:08	CC_BY_NC_4_0	viktoriyazatsarna	viktoriyazatsarna			2025-01-14T12:33:41.671Z	StillImage	COORDINATE_ROUNDED;CONTINENT_DERIVED_FROM_COORDINATES;TAXON_MATCH_TAXON_ID_IGNORED
3988506635	50c9509d-22c7-4a22-a47d-8c48425ef4a7	https://www.inaturalist.org/observations/142530973	Fungi	Basidiomycota	Agaricomycetes	Russulales	Hericiaceae	Hericium	Hericium americanum		SPECIES	Hericium americanum Ginns	Hericium americanum		CA		Québec	PRESENT		28eb1a3f-1c15-4a95-931a-4af90ecb574d	46.839591	-71.341899	4.0						2022-09-17	17	9	2022	5248551	5248551	HUMAN_OBSERVATION	iNaturalist	Observations	142530973		Christian Grenier	2022-11-21T13:54:33	CC_BY_NC_4_0	Christian Grenier	Christian Grenier			2025-01-14T12:32:38.991Z	StillImage	COORDINATE_ROUNDED;CONTINENT_DERIVED_FROM_COORDINATES;TAXON_MATCH_TAXON_ID_IGNORED
3988478640	50c9509d-22c7-4a22-a47d-8c48425ef4a7	https://www.inaturalist.org/observations/142149465	Fungi	Basidiomycota	Agaricomycetes	Russulales	Hericiaceae	Hericium	Hericium americanum		SPECIES	Hericium americanum Ginns	Hericium americanum		CA		Québec	PRESENT		28eb1a3f-1c15-4a95-931a-4af90ecb574d	46.954237	-71.401294	15.0						2022-09-25	25	9	2022	5248551	5248551	HUMAN_OBSERVATION	iNaturalist	Observations	142149465		Christian Grenier	2022-11-16T15:32:05	CC_BY_NC_4_0	Christian Grenier	Christian Grenier			2025-01-14T12:32:22.761Z	StillImage	COORDINATE_ROUNDED;CONTINENT_DERIVED_FROM_COORDINATES;TAXON_MATCH_TAXON_ID_IGNORED
3986104433	50c9509d-22c7-4a22-a47d-8c48425ef4a7	https://www.inaturalist.org/observations/143268950	Fungi	Basidiomycota	Agaricomycetes	Russulales	Hericiaceae	Hericium	Hericium americanum		SPECIES	Hericium americanum Ginns	Hericium americanum		CA		Québec	PRESENT		28eb1a3f-1c15-4a95-931a-4af90ecb574d	46.924342	-71.239826	61.0						2022-09-11	11	9	2022	5248551	5248551	HUMAN_OBSERVATION	iNaturalist	Observations	143268950		Christian Grenier	2022-11-29T14:57:28	CC_BY_NC_4_0	Christian Grenier	Christian Grenier			2025-01-14T12:33:35.356Z	StillImage	COORDINATE_ROUNDED;CONTINENT_DERIVED_FROM_COORDINATES;TAXON_MATCH_TAXON_ID_IGNORED
3966694056	50c9509d-22c7-4a22-a47d-8c48425ef4a7	https://www.inaturalist.org/observations/141814652	Fungi	Basidiomycota	Agaricomycetes	Russulales	Hericiaceae	Hericium	Hericium americanum		SPECIES	Hericium americanum Ginns	Hericium americanum		CA		Québec	PRESENT		28eb1a3f-1c15-4a95-931a-4af90ecb574d	46.911705	-71.212186	31.0						2022-09-29	29	9	2022	5248551	5248551	HUMAN_OBSERVATION	iNaturalist	Observations	141814652		Christian Grenier	2022-11-12T20:08:15	CC_BY_NC_4_0	Christian Grenier	Christian Grenier			2025-01-14T13:26:28.728Z	StillImage	COORDINATE_ROUNDED;CONTINENT_DERIVED_FROM_COORDINATES;TAXON_MATCH_TAXON_ID_IGNORED
3966590971	50c9509d-22c7-4a22-a47d-8c48425ef4a7	https://www.inaturalist.org/observations/141702241	Fungi	Basidiomycota	Agaricomycetes	Russulales	Hericiaceae	Hericium	Hericium americanum		SPECIES	Hericium americanum Ginns	Hericium americanum		CA		Québec	PRESENT		28eb1a3f-1c15-4a95-931a-4af90ecb574d	46.911908	-71.215682	31.0						2022-09-29	29	9	2022	5248551	5248551	HUMAN_OBSERVATION	iNaturalist	Observations	141702241		Christian Grenier	2022-11-11T16:04:50	CC_BY_NC_4_0	Christian Grenier	Christian Grenier			2025-01-14T13:26:37.347Z	StillImage	COORDINATE_ROUNDED;CONTINENT_DERIVED_FROM_COORDINATES;TAXON_MATCH_TAXON_ID_IGNORED
3966576859	50c9509d-22c7-4a22-a47d-8c48425ef4a7	https://www.inaturalist.org/observations/141626981	Fungi	Basidiomycota	Agaricomycetes	Russulales	Hericiaceae	Hericium	Hericium americanum		SPECIES	Hericium americanum Ginns	Hericium americanum		CA		New Brunswick	PRESENT		28eb1a3f-1c15-4a95-931a-4af90ecb574d	45.577228	-64.970231	100.0						2021-09-08T11:33	8	9	2021	5248551	5248551	HUMAN_OBSERVATION	iNaturalist	Observations	141626981		Alfredo Justo	2022-11-10T18:03:35	CC_BY_NC_4_0	Alfredo Justo	Alfredo Justo			2025-01-14T13:26:12.613Z	StillImage	COORDINATE_ROUNDED;CONTINENT_DERIVED_FROM_COORDINATES;TAXON_MATCH_TAXON_ID_IGNORED
3963652937	50c9509d-22c7-4a22-a47d-8c48425ef4a7	https://www.inaturalist.org/observations/141110083	Fungi	Basidiomycota	Agaricomycetes	Russulales	Hericiaceae	Hericium	Hericium americanum		SPECIES	Hericium americanum Ginns	Hericium americanum		CA		New Brunswick	PRESENT		28eb1a3f-1c15-4a95-931a-4af90ecb574d	45.987745	-66.603986	27095.0						2022-10-27T10:58:46	27	10	2022	5248551	5248551	HUMAN_OBSERVATION	iNaturalist	Observations	141110083		pynklynx	2022-11-05T02:37:25	CC_BY_NC_4_0	Alex Hood	Alex Hood			2025-01-14T12:32:53.656Z	StillImage	COORDINATE_ROUNDED;CONTINENT_DERIVED_FROM_COORDINATES;TAXON_MATCH_TAXON_ID_IGNORED
3963603346	50c9509d-22c7-4a22-a47d-8c48425ef4a7	https://www.inaturalist.org/observations/141460094	Fungi	Basidiomycota	Agaricomycetes	Russulales	Hericiaceae	Hericium	Hericium americanum		SPECIES	Hericium americanum Ginns	Hericium americanum		CA		Québec	PRESENT		28eb1a3f-1c15-4a95-931a-4af90ecb574d	45.730145	-74.272035	94.0						2022-09-14T15:49:03	14	9	2022	5248551	5248551	HUMAN_OBSERVATION	iNaturalist	Observations	141460094		albeih	2022-11-08T15:03:53	CC_BY_NC_4_0	albeih	albeih			2025-01-14T12:32:21.167Z	StillImage	COORDINATE_ROUNDED;CONTINENT_DERIVED_FROM_COORDINATES;TAXON_MATCH_TAXON_ID_IGNORED
3963417153	50c9509d-22c7-4a22-a47d-8c48425ef4a7	https://www.inaturalist.org/observations/141279293	Fungi	Basidiomycota	Agaricomycetes	Russulales	Hericiaceae	Hericium	Hericium americanum		SPECIES	Hericium americanum Ginns	Hericium americanum		CA		Québec	PRESENT		28eb1a3f-1c15-4a95-931a-4af90ecb574d	46.789957	-71.342022	15.0						2022-10-05	5	10	2022	5248551	5248551	HUMAN_OBSERVATION	iNaturalist	Observations	141279293		Christian Grenier	2022-11-06T16:48:05	CC_BY_NC_4_0	Christian Grenier	Christian Grenier			2025-01-14T12:33:04.886Z	StillImage	COORDINATE_ROUNDED;CONTINENT_DERIVED_FROM_COORDINATES;TAXON_MATCH_TAXON_ID_IGNORED
3947774049	50c9509d-22c7-4a22-a47d-8c48425ef4a7	https://www.inaturalist.org/observations/138452259	Fungi	Basidiomycota	Agaricomycetes	Russulales	Hericiaceae	Hericium	Hericium americanum		SPECIES	Hericium americanum Ginns	Hericium americanum		CA		Ontario	PRESENT		28eb1a3f-1c15-4a95-931a-4af90ecb574d	45.324	-75.863							2022-10-10T13:48:06	10	10	2022	5248551	5248551	HUMAN_OBSERVATION	iNaturalist	Observations	138452259		trailtime55	2022-10-12T00:57:59	CC_BY_NC_4_0	trailtime55	trailtime55			2025-01-14T12:32:01.326Z	StillImage	CONTINENT_DERIVED_FROM_COORDINATES;TAXON_MATCH_TAXON_ID_IGNORED
3947768367	50c9509d-22c7-4a22-a47d-8c48425ef4a7	https://www.inaturalist.org/observations/138732180	Fungi	Basidiomycota	Agaricomycetes	Russulales	Hericiaceae	Hericium	Hericium americanum		SPECIES	Hericium americanum Ginns	Hericium americanum		CA		Québec	PRESENT		28eb1a3f-1c15-4a95-931a-4af90ecb574d	45.831829	-76.502541	27095.0						2022-10-12T10:26	12	10	2022	5248551	5248551	HUMAN_OBSERVATION	iNaturalist	Observations	138732180		L Joan Heyding	2022-10-14T16:19:32	CC_BY_NC_4_0	L Joan Heyding	L Joan Heyding			2025-01-14T12:31:59.872Z	StillImage	COORDINATE_ROUNDED;CONTINENT_DERIVED_FROM_COORDINATES;TAXON_MATCH_TAXON_ID_IGNORED
3947647467	50c9509d-22c7-4a22-a47d-8c48425ef4a7	https://www.inaturalist.org/observations/138771172	Fungi	Basidiomycota	Agaricomycetes	Russulales	Hericiaceae	Hericium	Hericium americanum		SPECIES	Hericium americanum Ginns	Hericium americanum		CA		Ontario	PRESENT		28eb1a3f-1c15-4a95-931a-4af90ecb574d	45.455779	-75.504733	7914.0						2022-10-14T17:49:04	14	10	2022	5248551	5248551	HUMAN_OBSERVATION	iNaturalist	Observations	138771172		Richard Tehan	2022-10-14T23:43:20	CC_BY_NC_4_0	a-tara-xy	a-tara-xy			2025-01-14T12:32:20.557Z	StillImage	COORDINATE_ROUNDED;CONTINENT_DERIVED_FROM_COORDINATES;TAXON_MATCH_TAXON_ID_IGNORED
3947522071	50c9509d-22c7-4a22-a47d-8c48425ef4a7	https://www.inaturalist.org/observations/139328033	Fungi	Basidiomycota	Agaricomycetes	Russulales	Hericiaceae	Hericium	Hericium americanum		SPECIES	Hericium americanum Ginns	Hericium americanum		CA		Québec	PRESENT		28eb1a3f-1c15-4a95-931a-4af90ecb574d	45.432328	-73.951483	3.0						2022-10-06T12:15:09	6	10	2022	5248551	5248551	HUMAN_OBSERVATION	iNaturalist	Observations	139328033		Olivia G	2022-10-19T13:47:27	CC_BY_NC_4_0	Olivia G	Olivia G			2025-01-14T13:26:01.559Z	StillImage	COORDINATE_ROUNDED;CONTINENT_DERIVED_FROM_COORDINATES;TAXON_MATCH_TAXON_ID_IGNORED
3947419483	50c9509d-22c7-4a22-a47d-8c48425ef4a7	https://www.inaturalist.org/observations/138825003	Fungi	Basidiomycota	Agaricomycetes	Russulales	Hericiaceae	Hericium	Hericium americanum		SPECIES	Hericium americanum Ginns	Hericium americanum		CA		Ontario	PRESENT		28eb1a3f-1c15-4a95-931a-4af90ecb574d	45.32	-75.794							2022-10-12T15:31:04	12	10	2022	5248551	5248551	HUMAN_OBSERVATION	iNaturalist	Observations	138825003		trailtime55	2022-10-15T12:18:05	CC_BY_NC_4_0	trailtime55	trailtime55			2025-01-14T12:32:29.146Z	StillImage	CONTINENT_DERIVED_FROM_COORDINATES;TAXON_MATCH_TAXON_ID_IGNORED
3947375552	50c9509d-22c7-4a22-a47d-8c48425ef4a7	https://www.inaturalist.org/observations/138917904	Fungi	Basidiomycota	Agaricomycetes	Russulales	Hericiaceae	Hericium	Hericium americanum		SPECIES	Hericium americanum Ginns	Hericium americanum		CA		Ontario	PRESENT		28eb1a3f-1c15-4a95-931a-4af90ecb574d	45.059483	-76.12516							2022-10-14T17:29:02	14	10	2022	5248551	5248551	HUMAN_OBSERVATION	iNaturalist	Observations	138917904		Windstone Farm	2022-10-16T01:15:36	CC_BY_NC_4_0	Windstone Farm	Windstone Farm			2025-01-14T13:18:14.167Z	StillImage	CONTINENT_DERIVED_FROM_COORDINATES;TAXON_MATCH_TAXON_ID_IGNORED
3947290328	50c9509d-22c7-4a22-a47d-8c48425ef4a7	https://www.inaturalist.org/observations/138667669	Fungi	Basidiomycota	Agaricomycetes	Russulales	Hericiaceae	Hericium	Hericium americanum		SPECIES	Hericium americanum Ginns	Hericium americanum		CA		Québec	PRESENT		28eb1a3f-1c15-4a95-931a-4af90ecb574d	45.434005	-73.932953	1953.0						2021-10-07T19:56	7	10	2021	5248551	5248551	HUMAN_OBSERVATION	iNaturalist	Observations	138667669		emmaverdetti	2022-10-14T00:04:25	CC_BY_NC_4_0	emmaverdetti	emmaverdetti			2025-01-14T13:25:52.732Z	StillImage	COORDINATE_ROUNDED;CONTINENT_DERIVED_FROM_COORDINATES;TAXON_MATCH_TAXON_ID_IGNORED
3947133607	50c9509d-22c7-4a22-a47d-8c48425ef4a7	https://www.inaturalist.org/observations/138965723	Fungi	Basidiomycota	Agaricomycetes	Russulales	Hericiaceae	Hericium	Hericium americanum		SPECIES	Hericium americanum Ginns	Hericium americanum		CA		Québec	PRESENT		28eb1a3f-1c15-4a95-931a-4af90ecb574d	45.552755	-73.156931	3024.0						2022-10-15T16:41:26	15	10	2022	5248551	5248551	HUMAN_OBSERVATION	iNaturalist	Observations	138965723		Ben	2022-10-23T19:25:14	CC_BY_NC_4_0	Jake Harvey	Jake Harvey			2025-01-14T12:34:22.370Z	StillImage	COORDINATE_ROUNDED;CONTINENT_DERIVED_FROM_COORDINATES;TAXON_MATCH_TAXON_ID_IGNORED
3947122406	50c9509d-22c7-4a22-a47d-8c48425ef4a7	https://www.inaturalist.org/observations/138774504	Fungi	Basidiomycota	Agaricomycetes	Russulales	Hericiaceae	Hericium	Hericium americanum		SPECIES	Hericium americanum Ginns	Hericium americanum		CA		Ontario	PRESENT		28eb1a3f-1c15-4a95-931a-4af90ecb574d	45.095353	-75.633675	4.0						2022-10-14T15:25:13	14	10	2022	5248551	5248551	HUMAN_OBSERVATION	iNaturalist	Observations	138774504		Richard Tehan	2022-10-14T23:42:50	CC_BY_NC_4_0	janetperry	janetperry			2025-01-14T12:32:20.651Z	StillImage	COORDINATE_ROUNDED;CONTINENT_DERIVED_FROM_COORDINATES;TAXON_MATCH_TAXON_ID_IGNORED
3925407722	50c9509d-22c7-4a22-a47d-8c48425ef4a7	https://www.inaturalist.org/observations/137183784	Fungi	Basidiomycota	Agaricomycetes	Russulales	Hericiaceae	Hericium	Hericium americanum		SPECIES	Hericium americanum Ginns	Hericium americanum		CA		Ontario	PRESENT		28eb1a3f-1c15-4a95-931a-4af90ecb574d	45.332287	-78.024386							2022-10-01T13:50:27	1	10	2022	5248551	5248551	HUMAN_OBSERVATION	iNaturalist	Observations	137183784		jkollaard	2022-10-01T19:08:59	CC_BY_NC_4_0	jkollaard	jkollaard			2025-01-14T13:25:46.272Z	StillImage	CONTINENT_DERIVED_FROM_COORDINATES;TAXON_MATCH_TAXON_ID_IGNORED
3925208585	50c9509d-22c7-4a22-a47d-8c48425ef4a7	https://www.inaturalist.org/observations/138343289	Fungi	Basidiomycota	Agaricomycetes	Russulales	Hericiaceae	Hericium	Hericium americanum		SPECIES	Hericium americanum Ginns	Hericium americanum		CA		Ontario	PRESENT		28eb1a3f-1c15-4a95-931a-4af90ecb574d	45.407028	-75.1102	10.0						2022-10-10T14:17:10	10	10	2022	5248551	5248551	HUMAN_OBSERVATION	iNaturalist	Observations	138343289		Lynn Ovenden	2022-10-11T02:31:39	CC_BY_NC_4_0	Lynn Ovenden	Lynn Ovenden			2025-01-14T12:32:34.873Z	StillImage	COORDINATE_ROUNDED;CONTINENT_DERIVED_FROM_COORDINATES;TAXON_MATCH_TAXON_ID_IGNORED
3925183921	50c9509d-22c7-4a22-a47d-8c48425ef4a7	https://www.inaturalist.org/observations/137711670	Fungi	Basidiomycota	Agaricomycetes	Russulales	Hericiaceae	Hericium	Hericium americanum		SPECIES	Hericium americanum Ginns	Hericium americanum		CA		Québec	PRESENT		28eb1a3f-1c15-4a95-931a-4af90ecb574d	45.356792	-72.211678	24.0						2022-10-02T12:32:23	2	10	2022	5248551	5248551	HUMAN_OBSERVATION	iNaturalist	Observations	137711670		mattecclestone	2022-10-06T03:31:17	CC_BY_NC_4_0	mattecclestone	mattecclestone			2025-01-14T13:21:15.259Z	StillImage	COORDINATE_ROUNDED;CONTINENT_DERIVED_FROM_COORDINATES;TAXON_MATCH_TAXON_ID_IGNORED
3925174052	50c9509d-22c7-4a22-a47d-8c48425ef4a7	https://www.inaturalist.org/observations/137790168	Fungi	Basidiomycota	Agaricomycetes	Russulales	Hericiaceae	Hericium	Hericium americanum		SPECIES	Hericium americanum Ginns	Hericium americanum		CA		Québec	PRESENT		28eb1a3f-1c15-4a95-931a-4af90ecb574d	46.775149	-71.287298	54.0						2022-10-05T14:27:57	5	10	2022	5248551	5248551	HUMAN_OBSERVATION	iNaturalist	Observations	137790168		Camille Boucher	2022-10-06T20:27:24	CC_BY_NC_4_0	Camille Boucher	Camille Boucher			2025-01-14T13:25:39.146Z	StillImage	COORDINATE_ROUNDED;CONTINENT_DERIVED_FROM_COORDINATES;TAXON_MATCH_TAXON_ID_IGNORED
3923688424	50c9509d-22c7-4a22-a47d-8c48425ef4a7	https://www.inaturalist.org/observations/137353645	Fungi	Basidiomycota	Agaricomycetes	Russulales	Hericiaceae	Hericium	Hericium americanum		SPECIES	Hericium americanum Ginns	Hericium americanum		CA		Québec	PRESENT		28eb1a3f-1c15-4a95-931a-4af90ecb574d	45.341663	-73.771656	4.0						2022-10-02T09:14	2	10	2022	5248551	5248551	HUMAN_OBSERVATION	iNaturalist	Observations	137353645		Adam Boring	2022-10-03T03:00:30	CC_BY_NC_4_0	tom1989	tom1989			2025-01-14T13:17:46.545Z	StillImage	COORDINATE_ROUNDED;CONTINENT_DERIVED_FROM_COORDINATES;TAXON_MATCH_TAXON_ID_IGNORED
3923562013	50c9509d-22c7-4a22-a47d-8c48425ef4a7	https://www.inaturalist.org/observations/136967290	Fungi	Basidiomycota	Agaricomycetes	Russulales	Hericiaceae	Hericium	Hericium americanum		SPECIES	Hericium americanum Ginns	Hericium americanum		CA		Québec	PRESENT		28eb1a3f-1c15-4a95-931a-4af90ecb574d	45.431561	-73.949262							2022-09-29T13:32	29	9	2022	5248551	5248551	HUMAN_OBSERVATION	iNaturalist	Observations	136967290		Madz	2022-09-29T22:31:17	CC_BY_NC_4_0	Madz	Madz			2025-01-14T12:32:34.247Z	StillImage	COORDINATE_ROUNDED;CONTINENT_DERIVED_FROM_COORDINATES;TAXON_MATCH_TAXON_ID_IGNORED
3923397828	50c9509d-22c7-4a22-a47d-8c48425ef4a7	https://www.inaturalist.org/observations/136831573	Fungi	Basidiomycota	Agaricomycetes	Russulales	Hericiaceae	Hericium	Hericium americanum		SPECIES	Hericium americanum Ginns	Hericium americanum		CA		Ontario	PRESENT		28eb1a3f-1c15-4a95-931a-4af90ecb574d	45.14834	-78.754366	4.0						2022-09-28T14:35:54	28	9	2022	5248551	5248551	HUMAN_OBSERVATION	iNaturalist	Observations	136831573		turtle1234	2022-09-28T18:39:13	CC_BY_NC_4_0	turtle1234	turtle1234			2025-01-14T13:17:43.496Z	StillImage	COORDINATE_ROUNDED;CONTINENT_DERIVED_FROM_COORDINATES;TAXON_MATCH_TAXON_ID_IGNORED
3923343201	50c9509d-22c7-4a22-a47d-8c48425ef4a7	https://www.inaturalist.org/observations/137155557	Fungi	Basidiomycota	Agaricomycetes	Russulales	Hericiaceae	Hericium	Hericium americanum		SPECIES	Hericium americanum Ginns	Hericium americanum		CA		Québec	PRESENT		28eb1a3f-1c15-4a95-931a-4af90ecb574d	46.728596	-71.508202	1899.0						2022-10-01T11:39:30	1	10	2022	5248551	5248551	HUMAN_OBSERVATION	iNaturalist	Observations	137155557		Danavan Rouillard	2022-10-01T15:39:37	CC_BY_NC_4_0	Danavan Rouillard	Danavan Rouillard			2025-01-14T13:25:39.161Z	StillImage	COORDINATE_ROUNDED;CONTINENT_DERIVED_FROM_COORDINATES;TAXON_MATCH_TAXON_ID_IGNORED
3923332994	50c9509d-22c7-4a22-a47d-8c48425ef4a7	https://www.inaturalist.org/observations/136966887	Fungi	Basidiomycota	Agaricomycetes	Russulales	Hericiaceae	Hericium	Hericium americanum		SPECIES	Hericium americanum Ginns	Hericium americanum		CA		Ontario	PRESENT		28eb1a3f-1c15-4a95-931a-4af90ecb574d	45.633032	-77.069246	167.0						2022-09-29T09:19:09	29	9	2022	5248551	5248551	HUMAN_OBSERVATION	iNaturalist	Observations	136966887		nwilcox24	2022-09-29T22:27:40	CC_BY_NC_4_0	nwilcox24	nwilcox24			2025-01-14T13:25:39.165Z	StillImage	COORDINATE_ROUNDED;CONTINENT_DERIVED_FROM_COORDINATES;TAXON_MATCH_TAXON_ID_IGNORED
3915592426	50c9509d-22c7-4a22-a47d-8c48425ef4a7	https://www.inaturalist.org/observations/136345505	Fungi	Basidiomycota	Agaricomycetes	Russulales	Hericiaceae	Hericium	Hericium americanum		SPECIES	Hericium americanum Ginns	Hericium americanum		CA		New Brunswick	PRESENT		28eb1a3f-1c15-4a95-931a-4af90ecb574d	46.021008	-66.621147	6.0						2022-09-23T17:41:49	23	9	2022	5248551	5248551	HUMAN_OBSERVATION	iNaturalist	Observations	136345505		daisyb0i	2022-09-25T11:04:50	CC_BY_NC_4_0	jbilli	jbilli			2025-01-14T13:20:23.622Z	StillImage	COORDINATE_ROUNDED;CONTINENT_DERIVED_FROM_COORDINATES;TAXON_MATCH_TAXON_ID_IGNORED
3915587420	50c9509d-22c7-4a22-a47d-8c48425ef4a7	https://www.inaturalist.org/observations/136083370	Fungi	Basidiomycota	Agaricomycetes	Russulales	Hericiaceae	Hericium	Hericium americanum		SPECIES	Hericium americanum Ginns	Hericium americanum		CA		Ontario	PRESENT		28eb1a3f-1c15-4a95-931a-4af90ecb574d	45.370914	-75.741559	196.0						2022-09-22T13:43	22	9	2022	5248551	5248551	HUMAN_OBSERVATION	iNaturalist	Observations	136083370		Sharon Boddy	2022-09-22T20:36:01	CC_BY_NC_4_0	Sharon Boddy	Sharon Boddy			2025-01-14T13:25:33.985Z	StillImage	COORDINATE_ROUNDED;CONTINENT_DERIVED_FROM_COORDINATES;TAXON_MATCH_TAXON_ID_IGNORED
3915566405	50c9509d-22c7-4a22-a47d-8c48425ef4a7	https://www.inaturalist.org/observations/136107910	Fungi	Basidiomycota	Agaricomycetes	Russulales	Hericiaceae	Hericium	Hericium americanum		SPECIES	Hericium americanum Ginns	Hericium americanum		CA		Québec	PRESENT		28eb1a3f-1c15-4a95-931a-4af90ecb574d	46.087925	-73.651108	7.0						2022-09-22T18:37:43	22	9	2022	5248551	5248551	HUMAN_OBSERVATION	iNaturalist	Observations	136107910		Ariel Bonkoski	2022-09-23T05:41:23	CC_BY_NC_4_0	natacha_lyvey	natacha_lyvey			2025-01-14T12:32:38.740Z	StillImage	COORDINATE_ROUNDED;CONTINENT_DERIVED_FROM_COORDINATES;TAXON_MATCH_TAXON_ID_IGNORED
3915506864	50c9509d-22c7-4a22-a47d-8c48425ef4a7	https://www.inaturalist.org/observations/135325024	Fungi	Basidiomycota	Agaricomycetes	Russulales	Hericiaceae	Hericium	Hericium americanum		SPECIES	Hericium americanum Ginns	Hericium americanum		CA		Ontario	PRESENT		28eb1a3f-1c15-4a95-931a-4af90ecb574d	45.171474	-75.945854							2022-09-16T18:59:08	16	9	2022	5248551	5248551	HUMAN_OBSERVATION	iNaturalist	Observations	135325024		Alexis Williams	2022-09-17T02:00:38	CC_BY_4_0	Alexis Williams	Alexis Williams			2025-01-14T13:31:14.155Z	StillImage	COORDINATE_ROUNDED;CONTINENT_DERIVED_FROM_COORDINATES;TAXON_MATCH_TAXON_ID_IGNORED
3915455808	50c9509d-22c7-4a22-a47d-8c48425ef4a7	https://www.inaturalist.org/observations/135325100	Fungi	Basidiomycota	Agaricomycetes	Russulales	Hericiaceae	Hericium	Hericium americanum		SPECIES	Hericium americanum Ginns	Hericium americanum		CA		Ontario	PRESENT		28eb1a3f-1c15-4a95-931a-4af90ecb574d	45.166786	-75.9328							2022-09-16T18:56:05	16	9	2022	5248551	5248551	HUMAN_OBSERVATION	iNaturalist	Observations	135325100		Alexis Williams	2022-09-17T02:01:47	CC_BY_4_0	Alexis Williams	Alexis Williams			2025-01-14T12:32:18.514Z	StillImage	COORDINATE_ROUNDED;CONTINENT_DERIVED_FROM_COORDINATES;TAXON_MATCH_TAXON_ID_IGNORED
3915292199	50c9509d-22c7-4a22-a47d-8c48425ef4a7	https://www.inaturalist.org/observations/135948549	Fungi	Basidiomycota	Agaricomycetes	Russulales	Hericiaceae	Hericium	Hericium americanum		SPECIES	Hericium americanum Ginns	Hericium americanum		CA		Québec	PRESENT		28eb1a3f-1c15-4a95-931a-4af90ecb574d	45.512486	-73.871065	61.0						2022-09-21T10:19	21	9	2022	5248551	5248551	HUMAN_OBSERVATION	iNaturalist	Observations	135948549		raduduna	2022-09-22T11:37:10	CC_BY_NC_4_0	gmlise	gmlise			2025-01-14T13:30:43.182Z	StillImage	COORDINATE_ROUNDED;CONTINENT_DERIVED_FROM_COORDINATES;TAXON_MATCH_TAXON_ID_IGNORED
3915261499	50c9509d-22c7-4a22-a47d-8c48425ef4a7	https://www.inaturalist.org/observations/131617861	Fungi	Basidiomycota	Agaricomycetes	Russulales	Hericiaceae	Hericium	Hericium americanum		SPECIES	Hericium americanum Ginns	Hericium americanum		CA		Québec	PRESENT		28eb1a3f-1c15-4a95-931a-4af90ecb574d	46.333561	-70.878792	90.0						2022-08-20T14:33:59	20	8	2022	5248551	5248551	HUMAN_OBSERVATION	iNaturalist	Observations	131617861		rosaliegiguere	2022-08-20T18:34:08	CC_BY_NC_4_0	rosaliegiguere	rosaliegiguere			2025-01-14T12:31:48.366Z	StillImage	COORDINATE_ROUNDED;CONTINENT_DERIVED_FROM_COORDINATES;TAXON_MATCH_TAXON_ID_IGNORED
3912479816	50c9509d-22c7-4a22-a47d-8c48425ef4a7	https://www.inaturalist.org/observations/135349787	Fungi	Basidiomycota	Agaricomycetes	Russulales	Hericiaceae	Hericium	Hericium americanum		SPECIES	Hericium americanum Ginns	Hericium americanum		CA		Québec	PRESENT		28eb1a3f-1c15-4a95-931a-4af90ecb574d	46.006228	-73.410762							2022-09-16T15:17:02	16	9	2022	5248551	5248551	HUMAN_OBSERVATION	iNaturalist	Observations	135349787		Sigrid Jakob	2022-09-17T09:28:07	CC0_1_0	Sigrid Jakob	Sigrid Jakob			2025-01-14T12:31:35.367Z	StillImage	COORDINATE_ROUNDED;CONTINENT_DERIVED_FROM_COORDINATES;TAXON_MATCH_TAXON_ID_IGNORED
3912460776	50c9509d-22c7-4a22-a47d-8c48425ef4a7	https://www.inaturalist.org/observations/135743469	Fungi	Basidiomycota	Agaricomycetes	Russulales	Hericiaceae	Hericium	Hericium americanum		SPECIES	Hericium americanum Ginns	Hericium americanum		CA		Québec	PRESENT		28eb1a3f-1c15-4a95-931a-4af90ecb574d	46.005549	-73.412579	32.0						2022-09-16T13:38	16	9	2022	5248551	5248551	HUMAN_OBSERVATION	iNaturalist	Observations	135743469		jonathan_mack	2022-09-20T02:40:52	CC_BY_NC_4_0	jonathan_mack	jonathan_mack			2025-01-14T12:31:36.831Z	StillImage	COORDINATE_ROUNDED;CONTINENT_DERIVED_FROM_COORDINATES;TAXON_MATCH_TAXON_ID_IGNORED
3912290963	50c9509d-22c7-4a22-a47d-8c48425ef4a7	https://www.inaturalist.org/observations/135770915	Fungi	Basidiomycota	Agaricomycetes	Russulales	Hericiaceae	Hericium	Hericium americanum		SPECIES	Hericium americanum Ginns	Hericium americanum		CA		Ontario	PRESENT		28eb1a3f-1c15-4a95-931a-4af90ecb574d	45.262212	-75.368212							2022-09-16T10:19:41	16	9	2022	5248551	5248551	HUMAN_OBSERVATION	iNaturalist	Observations	135770915		Randy	2022-09-20T11:15:53	CC_BY_NC_4_0	Randy	Randy			2025-01-14T12:31:38.111Z	StillImage	COORDINATE_ROUNDED;CONTINENT_DERIVED_FROM_COORDINATES;TAXON_MATCH_TAXON_ID_IGNORED
3912183920	50c9509d-22c7-4a22-a47d-8c48425ef4a7	https://www.inaturalist.org/observations/134356321	Fungi	Basidiomycota	Agaricomycetes	Russulales	Hericiaceae	Hericium	Hericium americanum		SPECIES	Hericium americanum Ginns	Hericium americanum		CA		Ontario	PRESENT		28eb1a3f-1c15-4a95-931a-4af90ecb574d	45.247637	-76.252288	5.0						2022-09-09T14:43:18	9	9	2022	5248551	5248551	HUMAN_OBSERVATION	iNaturalist	Observations	134356321		Ben	2022-09-12T00:55:44	CC_BY_NC_4_0	mburns10	mburns10			2025-01-14T12:32:24.892Z	StillImage	COORDINATE_ROUNDED;CONTINENT_DERIVED_FROM_COORDINATES;TAXON_MATCH_TAXON_ID_IGNORED
3912047819	50c9509d-22c7-4a22-a47d-8c48425ef4a7	https://www.inaturalist.org/observations/135294218	Fungi	Basidiomycota	Agaricomycetes	Russulales	Hericiaceae	Hericium	Hericium americanum		SPECIES	Hericium americanum Ginns	Hericium americanum		CA		Québec	PRESENT		28eb1a3f-1c15-4a95-931a-4af90ecb574d	46.005272	-73.410888	14.0						2022-09-16T15:17:31	16	9	2022	5248551	5248551	HUMAN_OBSERVATION	iNaturalist	Observations	135294218		Bethany Beech	2022-09-16T20:52:45	CC_BY_NC_4_0	Bethany Beech	Bethany Beech			2025-01-14T12:32:03.321Z	StillImage	COORDINATE_ROUNDED;CONTINENT_DERIVED_FROM_COORDINATES;TAXON_MATCH_TAXON_ID_IGNORED
3903669485	50c9509d-22c7-4a22-a47d-8c48425ef4a7	https://www.inaturalist.org/observations/134651795	Fungi	Basidiomycota	Agaricomycetes	Russulales	Hericiaceae	Hericium	Hericium americanum		SPECIES	Hericium americanum Ginns	Hericium americanum		CA		Ontario	PRESENT		28eb1a3f-1c15-4a95-931a-4af90ecb574d	45.234581	-75.750488							2022-09-11T16:13:10	11	9	2022	5248551	5248551	HUMAN_OBSERVATION	iNaturalist	Observations	134651795		Alexis Williams	2022-09-11T22:20:31	CC_BY_4_0	Alexis Williams	Alexis Williams			2025-01-14T13:31:29.379Z	StillImage	COORDINATE_ROUNDED;CONTINENT_DERIVED_FROM_COORDINATES;TAXON_MATCH_TAXON_ID_IGNORED
3903552094	50c9509d-22c7-4a22-a47d-8c48425ef4a7	https://www.inaturalist.org/observations/134770072	Fungi	Basidiomycota	Agaricomycetes	Russulales	Hericiaceae	Hericium	Hericium americanum		SPECIES	Hericium americanum Ginns	Hericium americanum		CA		Québec	PRESENT		28eb1a3f-1c15-4a95-931a-4af90ecb574d	45.527044	-75.868525	173.0						2022-09-12T10:40	12	9	2022	5248551	5248551	HUMAN_OBSERVATION	iNaturalist	Observations	134770072		M. Squire	2022-09-12T19:35:55	CC0_1_0	M. Squire	M. Squire			2025-01-14T12:33:21.518Z	StillImage	COORDINATE_ROUNDED;CONTINENT_DERIVED_FROM_COORDINATES;TAXON_MATCH_TAXON_ID_IGNORED
3903304613	50c9509d-22c7-4a22-a47d-8c48425ef4a7	https://www.inaturalist.org/observations/134298369	Fungi	Basidiomycota	Agaricomycetes	Russulales	Hericiaceae	Hericium	Hericium americanum		SPECIES	Hericium americanum Ginns	Hericium americanum		CA		Québec	PRESENT		28eb1a3f-1c15-4a95-931a-4af90ecb574d	45.390589	-71.901774	16.0						2022-09-09T10:29:12	9	9	2022	5248551	5248551	HUMAN_OBSERVATION	iNaturalist	Observations	134298369		lauralefebvre	2022-09-09T14:29:51	CC_BY_NC_4_0	lauralefebvre	lauralefebvre			2025-01-14T13:17:16.574Z	StillImage	COORDINATE_ROUNDED;CONTINENT_DERIVED_FROM_COORDINATES;TAXON_MATCH_TAXON_ID_IGNORED
3902787018	50c9509d-22c7-4a22-a47d-8c48425ef4a7	https://www.inaturalist.org/observations/98558513	Fungi	Basidiomycota	Agaricomycetes	Russulales	Hericiaceae	Hericium	Hericium americanum		SPECIES	Hericium americanum Ginns	Hericium americanum		CA		Ontario	PRESENT		28eb1a3f-1c15-4a95-931a-4af90ecb574d	45.305871	-76.950732	27190.0						2021-10-16T15:03:39	16	10	2021	5248551	5248551	HUMAN_OBSERVATION	iNaturalist	Observations	98558513		quentink	2021-10-18T00:21:12	CC_BY_NC_4_0	quentink	quentink			2025-01-14T12:23:30.510Z	StillImage	COORDINATE_ROUNDED;CONTINENT_DERIVED_FROM_COORDINATES;TAXON_MATCH_TAXON_ID_IGNORED
3902689905	50c9509d-22c7-4a22-a47d-8c48425ef4a7	https://www.inaturalist.org/observations/134780614	Fungi	Basidiomycota	Agaricomycetes	Russulales	Hericiaceae	Hericium	Hericium americanum		SPECIES	Hericium americanum Ginns	Hericium americanum		CA		Québec	PRESENT		28eb1a3f-1c15-4a95-931a-4af90ecb574d	45.607127	-75.114274	1597.0						2022-09-12T14:02:20	12	9	2022	5248551	5248551	HUMAN_OBSERVATION	iNaturalist	Observations	134780614		Myca	2022-09-12T20:59:19	CC_BY_NC_4_0	Myca	Myca			2025-01-14T12:31:56.101Z	StillImage	COORDINATE_ROUNDED;CONTINENT_DERIVED_FROM_COORDINATES;TAXON_MATCH_TAXON_ID_IGNORED
3902548332	50c9509d-22c7-4a22-a47d-8c48425ef4a7	https://www.inaturalist.org/observations/134281737	Fungi	Basidiomycota	Agaricomycetes	Russulales	Hericiaceae	Hericium	Hericium americanum		SPECIES	Hericium americanum Ginns	Hericium americanum		CA		Ontario	PRESENT		28eb1a3f-1c15-4a95-931a-4af90ecb574d	45.273944	-75.713168	6.0						2022-09-08T16:39:13	8	9	2022	5248551	5248551	HUMAN_OBSERVATION	iNaturalist	Observations	134281737		JQtheFETT	2022-09-09T11:06:04	CC_BY_NC_4_0	JQtheFETT	JQtheFETT			2025-01-14T13:19:40.720Z	StillImage	COORDINATE_ROUNDED;CONTINENT_DERIVED_FROM_COORDINATES;TAXON_MATCH_TAXON_ID_IGNORED
3902202537	50c9509d-22c7-4a22-a47d-8c48425ef4a7	https://www.inaturalist.org/observations/97919200	Fungi	Basidiomycota	Agaricomycetes	Russulales	Hericiaceae	Hericium	Hericium americanum		SPECIES	Hericium americanum Ginns	Hericium americanum		CA		Ontario	PRESENT		28eb1a3f-1c15-4a95-931a-4af90ecb574d	45.018347	-78.694132	24714.0						2021-10-10T16:49:10	10	10	2021	5248551	5248551	HUMAN_OBSERVATION	iNaturalist	Observations	97919200		ibackyard	2021-10-11T18:19:49	CC_BY_NC_4_0	ibackyard	ibackyard			2025-01-14T13:15:45.044Z	StillImage	COORDINATE_ROUNDED;CONTINENT_DERIVED_FROM_COORDINATES;TAXON_MATCH_TAXON_ID_IGNORED
3902162934	50c9509d-22c7-4a22-a47d-8c48425ef4a7	https://www.inaturalist.org/observations/96611972	Fungi	Basidiomycota	Agaricomycetes	Russulales	Hericiaceae	Hericium	Hericium americanum		SPECIES	Hericium americanum Ginns	Hericium americanum		CA		Québec	PRESENT		28eb1a3f-1c15-4a95-931a-4af90ecb574d	47.087466	-70.782934	785.0						2021-09-25T14:03	25	9	2021	5248551	5248551	HUMAN_OBSERVATION	iNaturalist	Observations	96611972		weilival	2021-09-29T19:32:49	CC_BY_NC_4_0	weilival	weilival			2025-01-14T12:24:25.576Z	StillImage	COORDINATE_ROUNDED;CONTINENT_DERIVED_FROM_COORDINATES;TAXON_MATCH_TAXON_ID_IGNORED
3902096195	50c9509d-22c7-4a22-a47d-8c48425ef4a7	https://www.inaturalist.org/observations/113969588	Fungi	Basidiomycota	Agaricomycetes	Russulales	Hericiaceae	Hericium	Hericium americanum		SPECIES	Hericium americanum Ginns	Hericium americanum		CA		Québec	PRESENT		28eb1a3f-1c15-4a95-931a-4af90ecb574d	45.850555	-75.827206	50845.0						2020-09-16T15:40:40	16	9	2020	5248551	5248551	HUMAN_OBSERVATION	iNaturalist	Observations	113969588		Ben	2022-09-04T15:25:52	CC_BY_NC_4_0	sammistritt	sammistritt			2025-01-14T12:26:21.610Z	StillImage	COORDINATE_ROUNDED;CONTINENT_DERIVED_FROM_COORDINATES;TAXON_MATCH_TAXON_ID_IGNORED
3881455345	50c9509d-22c7-4a22-a47d-8c48425ef4a7	https://www.inaturalist.org/observations/96534236	Fungi	Basidiomycota	Agaricomycetes	Russulales	Hericiaceae	Hericium	Hericium americanum		SPECIES	Hericium americanum Ginns	Hericium americanum		CA		Ontario	PRESENT		28eb1a3f-1c15-4a95-931a-4af90ecb574d	45.033214	-76.682092	8.0						2021-09-28T11:16:56	28	9	2021	5248551	5248551	HUMAN_OBSERVATION	iNaturalist	Observations	96534236		Chris Schmidt	2021-09-29T00:46:31	CC_BY_NC_4_0	Chris Schmidt	Chris Schmidt			2025-01-14T12:25:07.003Z	StillImage	COORDINATE_ROUNDED;CONTINENT_DERIVED_FROM_COORDINATES;TAXON_MATCH_TAXON_ID_IGNORED
3881450371	50c9509d-22c7-4a22-a47d-8c48425ef4a7	https://www.inaturalist.org/observations/97932864	Fungi	Basidiomycota	Agaricomycetes	Russulales	Hericiaceae	Hericium	Hericium americanum		SPECIES	Hericium americanum Ginns	Hericium americanum		CA		Québec	PRESENT		28eb1a3f-1c15-4a95-931a-4af90ecb574d	45.565764	-73.171865	232.0						2021-10-11T16:21:57	11	10	2021	5248551	5248551	HUMAN_OBSERVATION	iNaturalist	Observations	97932864		raduduna	2022-04-11T18:14:48	CC_BY_NC_4_0	zakgionet	zakgionet			2025-01-14T12:22:30.659Z	StillImage	COORDINATE_ROUNDED;CONTINENT_DERIVED_FROM_COORDINATES;TAXON_MATCH_TAXON_ID_IGNORED
3873749120	50c9509d-22c7-4a22-a47d-8c48425ef4a7	https://www.inaturalist.org/observations/127571680	Fungi	Basidiomycota	Agaricomycetes	Russulales	Hericiaceae	Hericium	Hericium americanum		SPECIES	Hericium americanum Ginns	Hericium americanum		CA		Ontario	PRESENT		28eb1a3f-1c15-4a95-931a-4af90ecb574d	45.57263	-78.546142	8.0						2022-07-21T20:19:57	21	7	2022	5248551	5248551	HUMAN_OBSERVATION	iNaturalist	Observations	127571680		raduduna	2022-07-23T21:40:20	CC_BY_NC_4_0	renataabos	renataabos			2025-01-14T13:23:42.349Z	StillImage	COORDINATE_ROUNDED;CONTINENT_DERIVED_FROM_COORDINATES;TAXON_MATCH_TAXON_ID_IGNORED
3873148711	50c9509d-22c7-4a22-a47d-8c48425ef4a7	https://www.inaturalist.org/observations/125720337	Fungi	Basidiomycota	Agaricomycetes	Russulales	Hericiaceae	Hericium	Hericium americanum		SPECIES	Hericium americanum Ginns	Hericium americanum		CA		Québec	PRESENT		28eb1a3f-1c15-4a95-931a-4af90ecb574d	45.540115	-75.867482	12871.0						2017-09-08	8	9	2017	5248551	5248551	HUMAN_OBSERVATION	iNaturalist	Observations	125720337		errantlight	2022-07-11T01:55:36	CC_BY_NC_4_0	errantlight	errantlight			2025-01-14T12:31:40.464Z	StillImage	COORDINATE_ROUNDED;CONTINENT_DERIVED_FROM_COORDINATES;TAXON_MATCH_TAXON_ID_IGNORED
3772407712	50c9509d-22c7-4a22-a47d-8c48425ef4a7	https://www.inaturalist.org/observations/113570041	Fungi	Basidiomycota	Agaricomycetes	Russulales	Hericiaceae	Hericium	Hericium americanum		SPECIES	Hericium americanum Ginns	Hericium americanum		CA		Ontario	PRESENT		28eb1a3f-1c15-4a95-931a-4af90ecb574d	45.432155	-76.320725	10.0						2021-10-02T16:41:37	2	10	2021	5248551	5248551	HUMAN_OBSERVATION	iNaturalist	Observations	113570041		gordv	2022-04-29T21:39:44	CC_BY_NC_4_0	gordv	gordv			2025-01-14T12:29:41.883Z	StillImage	CONTINENT_DERIVED_FROM_COORDINATES;TAXON_MATCH_TAXON_ID_IGNORED
3764095638	50c9509d-22c7-4a22-a47d-8c48425ef4a7	https://www.inaturalist.org/observations/112522514	Fungi	Basidiomycota	Agaricomycetes	Russulales	Hericiaceae	Hericium	Hericium americanum		SPECIES	Hericium americanum Ginns	Hericium americanum		CA		Ontario	PRESENT		28eb1a3f-1c15-4a95-931a-4af90ecb574d	45.338168	-75.959274	2427.0						2021-10-25T15:20	25	10	2021	5248551	5248551	HUMAN_OBSERVATION	iNaturalist	Observations	112522514		amanitamozart	2022-04-23T15:12:07	CC_BY_NC_4_0	amanitamozart	amanitamozart			2025-01-14T13:12:26.177Z	StillImage	COORDINATE_ROUNDED;CONTINENT_DERIVED_FROM_COORDINATES;TAXON_MATCH_TAXON_ID_IGNORED
3759772812	50c9509d-22c7-4a22-a47d-8c48425ef4a7	https://www.inaturalist.org/observations/103418753	Fungi	Basidiomycota	Agaricomycetes	Russulales	Hericiaceae	Hericium	Hericium americanum		SPECIES	Hericium americanum Ginns	Hericium americanum		CA		Québec	PRESENT		28eb1a3f-1c15-4a95-931a-4af90ecb574d	45.571154	-75.420843	31.0						2021-10-10	10	10	2021	5248551	5248551	HUMAN_OBSERVATION	iNaturalist	Observations	103418753		Christian Grenier	2021-12-21T15:23:59	CC_BY_NC_4_0	Christian Grenier	Christian Grenier			2025-01-14T13:25:13.574Z	StillImage	COORDINATE_ROUNDED;CONTINENT_DERIVED_FROM_COORDINATES;TAXON_MATCH_TAXON_ID_IGNORED
3759415915	50c9509d-22c7-4a22-a47d-8c48425ef4a7	https://www.inaturalist.org/observations/111318131	Fungi	Basidiomycota	Agaricomycetes	Russulales	Hericiaceae	Hericium	Hericium americanum		SPECIES	Hericium americanum Ginns	Hericium americanum		CA		Ontario	PRESENT		28eb1a3f-1c15-4a95-931a-4af90ecb574d	45.532246	-75.420259	27158.0						2022-04-12T10:18	12	4	2022	5248551	5248551	HUMAN_OBSERVATION	iNaturalist	Observations	111318131		L Joan Heyding	2022-04-13T16:19:47	CC_BY_NC_4_0	L Joan Heyding	L Joan Heyding			2025-01-14T12:29:22.880Z	StillImage	COORDINATE_ROUNDED;CONTINENT_DERIVED_FROM_COORDINATES;TAXON_MATCH_TAXON_ID_IGNORED
3759112811	50c9509d-22c7-4a22-a47d-8c48425ef4a7	https://www.inaturalist.org/observations/104291111	Fungi	Basidiomycota	Agaricomycetes	Russulales	Hericiaceae	Hericium	Hericium americanum		SPECIES	Hericium americanum Ginns	Hericium americanum		CA		Québec	PRESENT		28eb1a3f-1c15-4a95-931a-4af90ecb574d	45.922249	-72.004177	5.0						2022-01-03T10:19:05	3	1	2022	5248551	5248551	HUMAN_OBSERVATION	iNaturalist	Observations	104291111		willoughbyarevalo	2022-01-03T18:43:33	CC_BY_NC_4_0	willoughbyarevalo	willoughbyarevalo			2025-01-14T13:16:17.454Z	StillImage	COORDINATE_ROUNDED;CONTINENT_DERIVED_FROM_COORDINATES;TAXON_MATCH_TAXON_ID_IGNORED
3759090462	50c9509d-22c7-4a22-a47d-8c48425ef4a7	https://www.inaturalist.org/observations/58645975	Fungi	Basidiomycota	Agaricomycetes	Russulales	Hericiaceae	Hericium	Hericium americanum		SPECIES	Hericium americanum Ginns	Hericium americanum		CA		Québec	PRESENT		28eb1a3f-1c15-4a95-931a-4af90ecb574d	47.004004	-70.81213	322.0						2020-09-05T14:30:02	5	9	2020	5248551	5248551	HUMAN_OBSERVATION	iNaturalist	Observations	58645975		cinna_latifolia	2021-01-17T04:51:08	CC_BY_NC_4_0	onlikevoltron	onlikevoltron			2025-01-14T12:15:23.270Z	StillImage	COORDINATE_ROUNDED;CONTINENT_DERIVED_FROM_COORDINATES;TAXON_MATCH_TAXON_ID_IGNORED
3747089486	50c9509d-22c7-4a22-a47d-8c48425ef4a7	https://www.inaturalist.org/observations/103721333	Fungi	Basidiomycota	Agaricomycetes	Russulales	Hericiaceae	Hericium	Hericium americanum		SPECIES	Hericium americanum Ginns	Hericium americanum		CA		Ontario	PRESENT		28eb1a3f-1c15-4a95-931a-4af90ecb574d	45.552183	-74.416652	100.0						2021-09-25T10:36:15	25	9	2021	5248551	5248551	HUMAN_OBSERVATION	iNaturalist	Observations	103721333		Ben	2021-12-27T17:34:56	CC_BY_NC_4_0	Owen Clarkin	Owen Clarkin			2025-01-14T13:17:43.099Z	StillImage	CONTINENT_DERIVED_FROM_COORDINATES;TAXON_MATCH_TAXON_ID_IGNORED
3743043419	50c9509d-22c7-4a22-a47d-8c48425ef4a7	https://www.inaturalist.org/observations/104047221	Fungi	Basidiomycota	Agaricomycetes	Russulales	Hericiaceae	Hericium	Hericium americanum		SPECIES	Hericium americanum Ginns	Hericium americanum		CA		Ontario	PRESENT		28eb1a3f-1c15-4a95-931a-4af90ecb574d	45.261735	-75.36977	100.0						2021-10-23T10:30:12	23	10	2021	5248551	5248551	HUMAN_OBSERVATION	iNaturalist	Observations	104047221		Ben	2022-03-16T16:08:29	CC_BY_NC_4_0	Owen Clarkin	Owen Clarkin			2025-01-14T13:12:38.921Z	StillImage	CONTINENT_DERIVED_FROM_COORDINATES;TAXON_MATCH_TAXON_ID_IGNORED
3712611475	50c9509d-22c7-4a22-a47d-8c48425ef4a7	https://www.inaturalist.org/observations/104282085	Fungi	Basidiomycota	Agaricomycetes	Russulales	Hericiaceae	Hericium	Hericium americanum		SPECIES	Hericium americanum Ginns	Hericium americanum		CA		Québec	PRESENT		28eb1a3f-1c15-4a95-931a-4af90ecb574d	47.006352	-71.400406	61.0						2021-10-13	13	10	2021	5248551	5248551	HUMAN_OBSERVATION	iNaturalist	Observations	104282085		Christian Grenier	2022-01-03T16:03:42	CC_BY_NC_4_0	Christian Grenier	Christian Grenier			2025-01-14T13:11:26.991Z	StillImage	COORDINATE_ROUNDED;CONTINENT_DERIVED_FROM_COORDINATES;TAXON_MATCH_TAXON_ID_IGNORED
3712418457	50c9509d-22c7-4a22-a47d-8c48425ef4a7	https://www.inaturalist.org/observations/98844090	Fungi	Basidiomycota	Agaricomycetes	Russulales	Hericiaceae	Hericium	Hericium americanum		SPECIES	Hericium americanum Ginns	Hericium americanum		CA		Ontario	PRESENT		28eb1a3f-1c15-4a95-931a-4af90ecb574d	45.371929	-75.794516	423.0						2021-10-20T13:13	20	10	2021	5248551	5248551	HUMAN_OBSERVATION	iNaturalist	Observations	98844090		M. Squire	2021-10-21T01:09:41	CC0_1_0	M. Squire	M. Squire			2025-01-14T13:15:58.819Z	StillImage	COORDINATE_ROUNDED;CONTINENT_DERIVED_FROM_COORDINATES;TAXON_MATCH_TAXON_ID_IGNORED
3456793977	50c9509d-22c7-4a22-a47d-8c48425ef4a7	https://www.inaturalist.org/observations/100958576	Fungi	Basidiomycota	Agaricomycetes	Russulales	Hericiaceae	Hericium	Hericium americanum		SPECIES	Hericium americanum Ginns	Hericium americanum		CA		Ontario	PRESENT		28eb1a3f-1c15-4a95-931a-4af90ecb574d	45.264209	-75.629245	27190.0						2021-11-12T14:48	12	11	2021	5248551	5248551	HUMAN_OBSERVATION	iNaturalist	Observations	100958576		L Joan Heyding	2021-11-12T22:18:38	CC_BY_NC_4_0	L Joan Heyding	L Joan Heyding			2025-01-14T13:17:15.508Z	StillImage	COORDINATE_ROUNDED;CONTINENT_DERIVED_FROM_COORDINATES;TAXON_MATCH_TAXON_ID_IGNORED
3456467495	50c9509d-22c7-4a22-a47d-8c48425ef4a7	https://www.inaturalist.org/observations/103629764	Fungi	Basidiomycota	Agaricomycetes	Russulales	Hericiaceae	Hericium	Hericium americanum		SPECIES	Hericium americanum Ginns	Hericium americanum		CA		Québec	PRESENT		28eb1a3f-1c15-4a95-931a-4af90ecb574d	46.296622	-72.526115	61.0						2011-09-22T08:23	22	9	2011	5248551	5248551	HUMAN_OBSERVATION	iNaturalist	Observations	103629764		Alain Maire	2021-12-25T13:32:25	CC_BY_NC_4_0	Alain Maire	Alain Maire			2025-01-14T13:12:21.344Z	StillImage	COORDINATE_ROUNDED;CONTINENT_DERIVED_FROM_COORDINATES;TAXON_MATCH_TAXON_ID_IGNORED
3415891942	50c9509d-22c7-4a22-a47d-8c48425ef4a7	https://www.inaturalist.org/observations/99415890	Fungi	Basidiomycota	Agaricomycetes	Russulales	Hericiaceae	Hericium	Hericium americanum		SPECIES	Hericium americanum Ginns	Hericium americanum		CA		Ontario	PRESENT		28eb1a3f-1c15-4a95-931a-4af90ecb574d	45.3392	-75.967256							2021-10-25T15:21:56	25	10	2021	5248551	5248551	HUMAN_OBSERVATION	iNaturalist	Observations	99415890		Adam Geber	2021-10-26T03:19:30	CC_BY_NC_4_0	Christinay	Christinay			2025-01-14T13:23:42.389Z	StillImage	COORDINATE_ROUNDED;CONTINENT_DERIVED_FROM_COORDINATES;TAXON_MATCH_TAXON_ID_IGNORED
3415748975	50c9509d-22c7-4a22-a47d-8c48425ef4a7	https://www.inaturalist.org/observations/100269888	Fungi	Basidiomycota	Agaricomycetes	Russulales	Hericiaceae	Hericium	Hericium americanum		SPECIES	Hericium americanum Ginns	Hericium americanum		CA		Québec	PRESENT		28eb1a3f-1c15-4a95-931a-4af90ecb574d	45.269728	-72.790209	27190.0						2021-10-23T09:52	23	10	2021	5248551	5248551	HUMAN_OBSERVATION	iNaturalist	Observations	100269888		Janie Collin	2021-11-04T22:58:18	CC_BY_NC_4_0	Janie Collin	Janie Collin			2025-01-14T13:16:11.248Z	StillImage	COORDINATE_ROUNDED;CONTINENT_DERIVED_FROM_COORDINATES;TAXON_MATCH_TAXON_ID_IGNORED
3415678894	50c9509d-22c7-4a22-a47d-8c48425ef4a7	https://www.inaturalist.org/observations/98796164	Fungi	Basidiomycota	Agaricomycetes	Russulales	Hericiaceae	Hericium	Hericium americanum		SPECIES	Hericium americanum Ginns	Hericium americanum		CA		Québec	PRESENT		28eb1a3f-1c15-4a95-931a-4af90ecb574d	45.559628	-73.319873	8.0						2021-10-20T11:21:28	20	10	2021	5248551	5248551	HUMAN_OBSERVATION	iNaturalist	Observations	98796164		timfoster	2021-10-20T16:58:17	CC_BY_NC_4_0	timfoster	timfoster			2025-01-14T12:22:44.370Z	StillImage	COORDINATE_ROUNDED;CONTINENT_DERIVED_FROM_COORDINATES;TAXON_MATCH_TAXON_ID_IGNORED
3415643877	50c9509d-22c7-4a22-a47d-8c48425ef4a7	https://www.inaturalist.org/observations/98842639	Fungi	Basidiomycota	Agaricomycetes	Russulales	Hericiaceae	Hericium	Hericium americanum		SPECIES	Hericium americanum Ginns	Hericium americanum		CA		Québec	PRESENT		28eb1a3f-1c15-4a95-931a-4af90ecb574d	45.424995	-75.779903	287.0						2021-10-09T09:43:10	9	10	2021	5248551	5248551	HUMAN_OBSERVATION	iNaturalist	Observations	98842639		Cassandra Robillard	2021-10-21T00:46:14	CC_BY_NC_4_0	Cassandra Robillard	Cassandra Robillard			2025-01-14T13:11:49.377Z	StillImage	COORDINATE_ROUNDED;CONTINENT_DERIVED_FROM_COORDINATES;TAXON_MATCH_TAXON_ID_IGNORED
3415643811	50c9509d-22c7-4a22-a47d-8c48425ef4a7	https://www.inaturalist.org/observations/96124164	Fungi	Basidiomycota	Agaricomycetes	Russulales	Hericiaceae	Hericium	Hericium americanum		SPECIES	Hericium americanum Ginns	Hericium americanum		CA		Nova Scotia	PRESENT		28eb1a3f-1c15-4a95-931a-4af90ecb574d	45.064688	-64.338062	4.0						2021-09-25T15:56	25	9	2021	5248551	5248551	HUMAN_OBSERVATION	iNaturalist	Observations	96124164		Ben	2021-09-26T17:05:31	CC_BY_NC_4_0	Paul Illsley	Paul Illsley			2025-01-14T13:15:15.558Z	StillImage	COORDINATE_ROUNDED;CONTINENT_DERIVED_FROM_COORDINATES;TAXON_MATCH_TAXON_ID_IGNORED
3415486131	50c9509d-22c7-4a22-a47d-8c48425ef4a7	https://www.inaturalist.org/observations/100230436	Fungi	Basidiomycota	Agaricomycetes	Russulales	Hericiaceae	Hericium	Hericium americanum		SPECIES	Hericium americanum Ginns	Hericium americanum		CA		Ontario	PRESENT		28eb1a3f-1c15-4a95-931a-4af90ecb574d	45.351017	-76.01371	25.0						2021-11-04T08:00:32	4	11	2021	5248551	5248551	HUMAN_OBSERVATION	iNaturalist	Observations	100230436		Ben	2021-11-04T16:02:41	CC_BY_NC_4_0	Rich Russell	Rich Russell			2025-01-14T12:26:20.104Z	StillImage	CONTINENT_DERIVED_FROM_COORDINATES;TAXON_MATCH_TAXON_ID_IGNORED
3415483540	50c9509d-22c7-4a22-a47d-8c48425ef4a7	https://www.inaturalist.org/observations/71793519	Fungi	Basidiomycota	Agaricomycetes	Russulales	Hericiaceae	Hericium	Hericium americanum		SPECIES	Hericium americanum Ginns	Hericium americanum		CA		Québec	PRESENT		28eb1a3f-1c15-4a95-931a-4af90ecb574d	46.834748	-71.311928	15.0						2020-09-25	25	9	2020	5248551	5248551	HUMAN_OBSERVATION	iNaturalist	Observations	71793519		Christian Grenier	2021-03-22T12:37:39	CC_BY_NC_4_0	Christian Grenier	Christian Grenier			2025-01-14T12:16:35.539Z	StillImage	COORDINATE_ROUNDED;CONTINENT_DERIVED_FROM_COORDINATES;TAXON_MATCH_TAXON_ID_IGNORED
3415373836	50c9509d-22c7-4a22-a47d-8c48425ef4a7	https://www.inaturalist.org/observations/96318406	Fungi	Basidiomycota	Agaricomycetes	Russulales	Hericiaceae	Hericium	Hericium americanum		SPECIES	Hericium americanum Ginns	Hericium americanum		CA		Ontario	PRESENT		28eb1a3f-1c15-4a95-931a-4af90ecb574d	45.037659	-75.661438	4.0						2021-09-25T15:24:41	25	9	2021	5248551	5248551	HUMAN_OBSERVATION	iNaturalist	Observations	96318406		hendrixmom	2021-09-27T01:44:14	CC_BY_NC_4_0	hendrixmom	hendrixmom			2025-01-14T13:15:25.528Z	StillImage	COORDINATE_ROUNDED;CONTINENT_DERIVED_FROM_COORDINATES;TAXON_MATCH_TAXON_ID_IGNORED
3407978744	50c9509d-22c7-4a22-a47d-8c48425ef4a7	https://www.inaturalist.org/observations/99750060	Fungi	Basidiomycota	Agaricomycetes	Russulales	Hericiaceae	Hericium	Hericium americanum		SPECIES	Hericium americanum Ginns	Hericium americanum		CA		Ontario	PRESENT		28eb1a3f-1c15-4a95-931a-4af90ecb574d	45.364917	-75.526437	10.0						2021-10-29T11:23:13	29	10	2021	5248551	5248551	HUMAN_OBSERVATION	iNaturalist	Observations	99750060		Lynn Ovenden	2021-10-30T00:37:34	CC_BY_NC_4_0	Lynn Ovenden	Lynn Ovenden			2025-01-14T13:16:38.935Z	StillImage	COORDINATE_ROUNDED;CONTINENT_DERIVED_FROM_COORDINATES;TAXON_MATCH_TAXON_ID_IGNORED
3407969713	50c9509d-22c7-4a22-a47d-8c48425ef4a7	https://www.inaturalist.org/observations/99727606	Fungi	Basidiomycota	Agaricomycetes	Russulales	Hericiaceae	Hericium	Hericium americanum		SPECIES	Hericium americanum Ginns	Hericium americanum		CA		Ontario	PRESENT		28eb1a3f-1c15-4a95-931a-4af90ecb574d	45.361143	-75.532967	183.0						2021-10-29T10:27	29	10	2021	5248551	5248551	HUMAN_OBSERVATION	iNaturalist	Observations	99727606		L Joan Heyding	2021-10-29T18:58:27	CC_BY_NC_4_0	L Joan Heyding	L Joan Heyding			2025-01-14T13:16:13.291Z	StillImage	COORDINATE_ROUNDED;CONTINENT_DERIVED_FROM_COORDINATES;TAXON_MATCH_TAXON_ID_IGNORED
3399344309	50c9509d-22c7-4a22-a47d-8c48425ef4a7	https://www.inaturalist.org/observations/98529175	Fungi	Basidiomycota	Agaricomycetes	Russulales	Hericiaceae	Hericium	Hericium americanum		SPECIES	Hericium americanum Ginns	Hericium americanum		CA		Québec	PRESENT		28eb1a3f-1c15-4a95-931a-4af90ecb574d	46.164836	-75.820205	52.0						2021-10-17T14:32:58	17	10	2021	5248551	5248551	HUMAN_OBSERVATION	iNaturalist	Observations	98529175		hauptme	2021-10-17T19:50:07	CC_BY_NC_4_0	hauptme	hauptme			2025-01-14T13:12:15.119Z	StillImage	COORDINATE_ROUNDED;CONTINENT_DERIVED_FROM_COORDINATES;TAXON_MATCH_TAXON_ID_IGNORED
3399342225	50c9509d-22c7-4a22-a47d-8c48425ef4a7	https://www.inaturalist.org/observations/99424721	Fungi	Basidiomycota	Agaricomycetes	Russulales	Hericiaceae	Hericium	Hericium americanum		SPECIES	Hericium americanum Ginns	Hericium americanum		CA		New Brunswick	PRESENT		28eb1a3f-1c15-4a95-931a-4af90ecb574d	45.951324	-66.672727							2021-10-15T13:44:47	15	10	2021	5248551	5248551	HUMAN_OBSERVATION	iNaturalist	Observations	99424721		Phil H.	2021-10-26T04:33:50	CC_BY_NC_4_0	Phil H.	Phil H.			2025-01-14T13:14:38.743Z	StillImage	COORDINATE_ROUNDED;CONTINENT_DERIVED_FROM_COORDINATES;TAXON_MATCH_TAXON_ID_IGNORED
3399232425	50c9509d-22c7-4a22-a47d-8c48425ef4a7	https://www.inaturalist.org/observations/98659465	Fungi	Basidiomycota	Agaricomycetes	Russulales	Hericiaceae	Hericium	Hericium americanum		SPECIES	Hericium americanum Ginns	Hericium americanum		CA		Ontario	PRESENT		28eb1a3f-1c15-4a95-931a-4af90ecb574d	45.223963	-76.534103	5.0						2021-10-17T13:14:59	17	10	2021	5248551	5248551	HUMAN_OBSERVATION	iNaturalist	Observations	98659465		almontebirds	2021-10-19T00:30:21	CC_BY_NC_4_0	almontebirds	almontebirds			2025-01-14T13:10:54.113Z	StillImage	COORDINATE_ROUNDED;CONTINENT_DERIVED_FROM_COORDINATES;TAXON_MATCH_TAXON_ID_IGNORED
3399216607	50c9509d-22c7-4a22-a47d-8c48425ef4a7	https://www.inaturalist.org/observations/98834560	Fungi	Basidiomycota	Agaricomycetes	Russulales	Hericiaceae	Hericium	Hericium americanum		SPECIES	Hericium americanum Ginns	Hericium americanum		CA		Québec	PRESENT		28eb1a3f-1c15-4a95-931a-4af90ecb574d	45.48262	-75.652132	27158.0						2021-10-20T10:32	20	10	2021	5248551	5248551	HUMAN_OBSERVATION	iNaturalist	Observations	98834560		L Joan Heyding	2021-10-20T22:52:10	CC_BY_NC_4_0	L Joan Heyding	L Joan Heyding			2025-01-14T12:24:21.768Z	StillImage	COORDINATE_ROUNDED;CONTINENT_DERIVED_FROM_COORDINATES;TAXON_MATCH_TAXON_ID_IGNORED
3399184268	50c9509d-22c7-4a22-a47d-8c48425ef4a7	https://www.inaturalist.org/observations/98524751	Fungi	Basidiomycota	Agaricomycetes	Russulales	Hericiaceae	Hericium	Hericium americanum		SPECIES	Hericium americanum Ginns	Hericium americanum		CA		Ontario	PRESENT		28eb1a3f-1c15-4a95-931a-4af90ecb574d	45.147354	-74.716728	3099.0						2021-10-17T15:14:36	17	10	2021	5248551	5248551	HUMAN_OBSERVATION	iNaturalist	Observations	98524751		cdewerowe	2021-10-17T19:14:54	CC_BY_NC_4_0	cdewerowe	cdewerowe			2025-01-14T13:15:52.411Z	StillImage	COORDINATE_ROUNDED;CONTINENT_DERIVED_FROM_COORDINATES;TAXON_MATCH_TAXON_ID_IGNORED
3399077415	50c9509d-22c7-4a22-a47d-8c48425ef4a7	https://www.inaturalist.org/observations/99575474	Fungi	Basidiomycota	Agaricomycetes	Russulales	Hericiaceae	Hericium	Hericium americanum		SPECIES	Hericium americanum Ginns	Hericium americanum		CA		Nova Scotia	PRESENT		28eb1a3f-1c15-4a95-931a-4af90ecb574d	45.735437	-64.165521	69.0						2021-10-27T16:17	27	10	2021	5248551	5248551	HUMAN_OBSERVATION	iNaturalist	Observations	99575474		Ben	2021-10-27T20:58:24	CC_BY_NC_4_0	Ben	Ben			2025-01-14T12:23:14.399Z	StillImage	COORDINATE_ROUNDED;CONTINENT_DERIVED_FROM_COORDINATES;TAXON_MATCH_TAXON_ID_IGNORED
3399058047	50c9509d-22c7-4a22-a47d-8c48425ef4a7	https://www.inaturalist.org/observations/99261255	Fungi	Basidiomycota	Agaricomycetes	Russulales	Hericiaceae	Hericium	Hericium americanum		SPECIES	Hericium americanum Ginns	Hericium americanum		CA		Québec	PRESENT		28eb1a3f-1c15-4a95-931a-4af90ecb574d	45.815833	-77.037342	31.0						2021-10-24T17:45	24	10	2021	5248551	5248551	HUMAN_OBSERVATION	iNaturalist	Observations	99261255		oleq	2021-10-24T20:34:38	CC_BY_NC_4_0	oleq	oleq			2025-01-14T13:16:46.231Z	StillImage	COORDINATE_ROUNDED;CONTINENT_DERIVED_FROM_COORDINATES;TAXON_MATCH_TAXON_ID_IGNORED
3398991754	50c9509d-22c7-4a22-a47d-8c48425ef4a7	https://www.inaturalist.org/observations/98942125	Fungi	Basidiomycota	Agaricomycetes	Russulales	Hericiaceae	Hericium	Hericium americanum		SPECIES	Hericium americanum Ginns	Hericium americanum		CA		Québec	PRESENT		28eb1a3f-1c15-4a95-931a-4af90ecb574d	45.468987	-75.81817	24.0						2021-09-25T12:24	25	9	2021	5248551	5248551	HUMAN_OBSERVATION	iNaturalist	Observations	98942125		Kiersten DeViller	2021-10-22T02:49:48	CC_BY_NC_4_0	Kiersten DeViller	Kiersten DeViller			2025-01-14T13:17:52.956Z	StillImage	COORDINATE_ROUNDED;CONTINENT_DERIVED_FROM_COORDINATES;TAXON_MATCH_TAXON_ID_IGNORED
3398779932	50c9509d-22c7-4a22-a47d-8c48425ef4a7	https://www.inaturalist.org/observations/99151241	Fungi	Basidiomycota	Agaricomycetes	Russulales	Hericiaceae	Hericium	Hericium americanum		SPECIES	Hericium americanum Ginns	Hericium americanum		CA		Québec	PRESENT		28eb1a3f-1c15-4a95-931a-4af90ecb574d	45.493017	-75.822145	29.0						2021-10-23T16:41:27	23	10	2021	5248551	5248551	HUMAN_OBSERVATION	iNaturalist	Observations	99151241		imaginaryconstruct	2021-10-24T17:37:53	CC_BY_NC_4_0	Jason Fleischer	Jason Fleischer			2025-01-14T13:16:38.924Z	StillImage	COORDINATE_ROUNDED;CONTINENT_DERIVED_FROM_COORDINATES;TAXON_MATCH_TAXON_ID_IGNORED
3398686044	50c9509d-22c7-4a22-a47d-8c48425ef4a7	https://www.inaturalist.org/observations/98275549	Fungi	Basidiomycota	Agaricomycetes	Russulales	Hericiaceae	Hericium	Hericium americanum		SPECIES	Hericium americanum Ginns	Hericium americanum		CA		Ontario	PRESENT		28eb1a3f-1c15-4a95-931a-4af90ecb574d	45.259571	-75.714726	8.0						2021-10-15T09:53:25	15	10	2021	5248551	5248551	HUMAN_OBSERVATION	iNaturalist	Observations	98275549		smartamarta	2021-10-15T13:54:43	CC_BY_NC_4_0	smartamarta	smartamarta			2025-01-14T13:15:57.423Z	StillImage	COORDINATE_ROUNDED;CONTINENT_DERIVED_FROM_COORDINATES;TAXON_MATCH_TAXON_ID_IGNORED
3391708040	50c9509d-22c7-4a22-a47d-8c48425ef4a7	https://www.inaturalist.org/observations/97931396	Fungi	Basidiomycota	Agaricomycetes	Russulales	Hericiaceae	Hericium	Hericium americanum		SPECIES	Hericium americanum Ginns	Hericium americanum		CA		Ontario	PRESENT		28eb1a3f-1c15-4a95-931a-4af90ecb574d	45.403468	-75.586143							2021-10-11T13:56	11	10	2021	5248551	5248551	HUMAN_OBSERVATION	iNaturalist	Observations	97931396		Igor Khomenko	2021-10-11T20:11:24	CC_BY_NC_4_0	Igor Khomenko	Igor Khomenko			2025-01-14T13:16:06.765Z	StillImage	COORDINATE_ROUNDED;CONTINENT_DERIVED_FROM_COORDINATES;TAXON_MATCH_TAXON_ID_IGNORED
3391651817	50c9509d-22c7-4a22-a47d-8c48425ef4a7	https://www.inaturalist.org/observations/97675118	Fungi	Basidiomycota	Agaricomycetes	Russulales	Hericiaceae	Hericium	Hericium americanum		SPECIES	Hericium americanum Ginns	Hericium americanum		CA		Québec	PRESENT		28eb1a3f-1c15-4a95-931a-4af90ecb574d	45.512262	-73.582938	4.0						2021-10-07T15:26:57	7	10	2021	5248551	5248551	HUMAN_OBSERVATION	iNaturalist	Observations	97675118		sirenastathopoulos	2021-10-09T18:21:56	CC_BY_NC_4_0	sirenastathopoulos	sirenastathopoulos			2025-01-14T13:11:44.295Z	StillImage	COORDINATE_ROUNDED;CONTINENT_DERIVED_FROM_COORDINATES;TAXON_MATCH_TAXON_ID_IGNORED
3391398601	50c9509d-22c7-4a22-a47d-8c48425ef4a7	https://www.inaturalist.org/observations/97392291	Fungi	Basidiomycota	Agaricomycetes	Russulales	Hericiaceae	Hericium	Hericium americanum		SPECIES	Hericium americanum Ginns	Hericium americanum		CA		Québec	PRESENT		28eb1a3f-1c15-4a95-931a-4af90ecb574d	45.491055	-75.85917	11.0						2021-10-06T17:09:02	6	10	2021	5248551	5248551	HUMAN_OBSERVATION	iNaturalist	Observations	97392291		cinna_latifolia	2021-10-06T22:13:53	CC_BY_NC_4_0	Kaitlyn	Kaitlyn			2025-01-14T13:15:30.151Z	StillImage	CONTINENT_DERIVED_FROM_COORDINATES;TAXON_MATCH_TAXON_ID_IGNORED
3391332040	50c9509d-22c7-4a22-a47d-8c48425ef4a7	https://www.inaturalist.org/observations/97939671	Fungi	Basidiomycota	Agaricomycetes	Russulales	Hericiaceae	Hericium	Hericium americanum		SPECIES	Hericium americanum Ginns	Hericium americanum		CA		Ontario	PRESENT		28eb1a3f-1c15-4a95-931a-4af90ecb574d	45.626278	-77.070922	16.0						2021-10-11T13:09:31	11	10	2021	5248551	5248551	HUMAN_OBSERVATION	iNaturalist	Observations	97939671		Keith Seifert	2021-10-11T21:18:03	CC0_1_0	Keith Seifert	Keith Seifert			2025-01-14T12:24:01.400Z	StillImage	COORDINATE_ROUNDED;CONTINENT_DERIVED_FROM_COORDINATES;TAXON_MATCH_TAXON_ID_IGNORED
3384977913	50c9509d-22c7-4a22-a47d-8c48425ef4a7	https://www.inaturalist.org/observations/96712149	Fungi	Basidiomycota	Agaricomycetes	Russulales	Hericiaceae	Hericium	Hericium americanum		SPECIES	Hericium americanum Ginns	Hericium americanum		CA		New Brunswick	PRESENT		28eb1a3f-1c15-4a95-931a-4af90ecb574d	45.952768	-66.670539	40.0						2021-09-30T14:09:45	30	9	2021	5248551	5248551	HUMAN_OBSERVATION	iNaturalist	Observations	96712149		rachharvey81	2021-09-30T19:00:48	CC_BY_NC_4_0	rachharvey81	rachharvey81			2025-01-14T12:23:09.182Z	StillImage	COORDINATE_ROUNDED;CONTINENT_DERIVED_FROM_COORDINATES;TAXON_MATCH_TAXON_ID_IGNORED
3384920610	50c9509d-22c7-4a22-a47d-8c48425ef4a7	https://www.inaturalist.org/observations/97483665	Fungi	Basidiomycota	Agaricomycetes	Russulales	Hericiaceae	Hericium	Hericium americanum		SPECIES	Hericium americanum Ginns	Hericium americanum		CA		Ontario	PRESENT		28eb1a3f-1c15-4a95-931a-4af90ecb574d	45.509222	-75.333171	182.0						2021-10-07T08:51	7	10	2021	5248551	5248551	HUMAN_OBSERVATION	iNaturalist	Observations	97483665		Mike Leveille	2021-10-07T21:00:09	CC_BY_NC_4_0	Mike Leveille	Mike Leveille			2025-01-14T12:22:00.021Z	StillImage	COORDINATE_ROUNDED;CONTINENT_DERIVED_FROM_COORDINATES;TAXON_MATCH_TAXON_ID_IGNORED
3384848810	50c9509d-22c7-4a22-a47d-8c48425ef4a7	https://www.inaturalist.org/observations/95725728	Fungi	Basidiomycota	Agaricomycetes	Russulales	Hericiaceae	Hericium	Hericium americanum		SPECIES	Hericium americanum Ginns	Hericium americanum		CA		Ontario	PRESENT		28eb1a3f-1c15-4a95-931a-4af90ecb574d	45.258808	-75.852264							2021-09-21T19:05:54	21	9	2021	5248551	5248551	HUMAN_OBSERVATION	iNaturalist	Observations	95725728		Alexis Williams	2021-09-22T03:21:15	CC_BY_4_0	Alexis Williams	Alexis Williams			2025-01-14T12:22:36.666Z	StillImage	COORDINATE_ROUNDED;CONTINENT_DERIVED_FROM_COORDINATES;TAXON_MATCH_TAXON_ID_IGNORED
3384787165	50c9509d-22c7-4a22-a47d-8c48425ef4a7	https://www.inaturalist.org/observations/97045522	Fungi	Basidiomycota	Agaricomycetes	Russulales	Hericiaceae	Hericium	Hericium americanum		SPECIES	Hericium americanum Ginns	Hericium americanum		CA		Québec	PRESENT		28eb1a3f-1c15-4a95-931a-4af90ecb574d	45.765197	-75.85119	3508.0						2021-10-03T10:38:29	3	10	2021	5248551	5248551	HUMAN_OBSERVATION	iNaturalist	Observations	97045522		allseeds	2021-10-03T18:13:01	CC_BY_NC_4_0	allseeds	allseeds			2025-01-14T12:25:17.074Z	StillImage	COORDINATE_ROUNDED;CONTINENT_DERIVED_FROM_COORDINATES;TAXON_MATCH_TAXON_ID_IGNORED
3384786914	50c9509d-22c7-4a22-a47d-8c48425ef4a7	https://www.inaturalist.org/observations/96808481	Fungi	Basidiomycota	Agaricomycetes	Russulales	Hericiaceae	Hericium	Hericium americanum		SPECIES	Hericium americanum Ginns	Hericium americanum		CA		Ontario	PRESENT		28eb1a3f-1c15-4a95-931a-4af90ecb574d	45.512928	-75.397957	41.0						2021-10-01T14:20:16	1	10	2021	5248551	5248551	HUMAN_OBSERVATION	iNaturalist	Observations	96808481		papacj75	2021-10-01T18:20:30	CC_BY_NC_4_0	papacj75	papacj75			2025-01-14T13:15:43.491Z	StillImage	COORDINATE_ROUNDED;CONTINENT_DERIVED_FROM_COORDINATES;TAXON_MATCH_TAXON_ID_IGNORED
3384719016	50c9509d-22c7-4a22-a47d-8c48425ef4a7	https://www.inaturalist.org/observations/94977580	Fungi	Basidiomycota	Agaricomycetes	Russulales	Hericiaceae	Hericium	Hericium americanum		SPECIES	Hericium americanum Ginns	Hericium americanum		CA		Québec	PRESENT		28eb1a3f-1c15-4a95-931a-4af90ecb574d	45.565945	-75.889957							2021-09-15T15:06	15	9	2021	5248551	5248551	HUMAN_OBSERVATION	iNaturalist	Observations	94977580		Igor Khomenko	2021-09-15T22:27:47	CC_BY_NC_4_0	Igor Khomenko	Igor Khomenko			2025-01-14T13:14:40.070Z	StillImage	COORDINATE_ROUNDED;CONTINENT_DERIVED_FROM_COORDINATES;TAXON_MATCH_TAXON_ID_IGNORED
3384551873	50c9509d-22c7-4a22-a47d-8c48425ef4a7	https://www.inaturalist.org/observations/96811079	Fungi	Basidiomycota	Agaricomycetes	Russulales	Hericiaceae	Hericium	Hericium americanum		SPECIES	Hericium americanum Ginns	Hericium americanum		CA		Québec	PRESENT		28eb1a3f-1c15-4a95-931a-4af90ecb574d	45.361004	-72.22348	44.0						2021-10-01T14:46:58	1	10	2021	5248551	5248551	HUMAN_OBSERVATION	iNaturalist	Observations	96811079		skaragioules	2021-10-01T18:47:24	CC_BY_NC_4_0	skaragioules	skaragioules			2025-01-14T12:22:16.586Z	StillImage	COORDINATE_ROUNDED;CONTINENT_DERIVED_FROM_COORDINATES;TAXON_MATCH_TAXON_ID_IGNORED
3384441303	50c9509d-22c7-4a22-a47d-8c48425ef4a7	https://www.inaturalist.org/observations/96231592	Fungi	Basidiomycota	Agaricomycetes	Russulales	Hericiaceae	Hericium	Hericium americanum		SPECIES	Hericium americanum Ginns	Hericium americanum		CA		Québec	PRESENT		28eb1a3f-1c15-4a95-931a-4af90ecb574d	45.505573	-75.795673	41.0						2021-09-25T09:47	25	9	2021	5248551	5248551	HUMAN_OBSERVATION	iNaturalist	Observations	96231592		jonathan_mack	2021-09-26T15:00:38	CC_BY_NC_4_0	jonathan_mack	jonathan_mack			2025-01-14T12:22:02.748Z	StillImage	COORDINATE_ROUNDED;CONTINENT_DERIVED_FROM_COORDINATES;TAXON_MATCH_TAXON_ID_IGNORED
3384275377	50c9509d-22c7-4a22-a47d-8c48425ef4a7	https://www.inaturalist.org/observations/95305436	Fungi	Basidiomycota	Agaricomycetes	Russulales	Hericiaceae	Hericium	Hericium americanum		SPECIES	Hericium americanum Ginns	Hericium americanum		CA		New Brunswick	PRESENT		28eb1a3f-1c15-4a95-931a-4af90ecb574d	45.956775	-66.665121	183.0						2021-09-18T16:26:56	18	9	2021	5248551	5248551	HUMAN_OBSERVATION	iNaturalist	Observations	95305436		Alfredo Justo	2021-09-27T01:35:08	CC_BY_NC_4_0	amphidromous	amphidromous			2025-01-14T13:15:01.510Z	StillImage	COORDINATE_ROUNDED;CONTINENT_DERIVED_FROM_COORDINATES;TAXON_MATCH_TAXON_ID_IGNORED
3344112848	50c9509d-22c7-4a22-a47d-8c48425ef4a7	https://www.inaturalist.org/observations/92385361	Fungi	Basidiomycota	Agaricomycetes	Russulales	Hericiaceae	Hericium	Hericium americanum		SPECIES	Hericium americanum Ginns	Hericium americanum		CA		Nova Scotia	PRESENT		28eb1a3f-1c15-4a95-931a-4af90ecb574d	45.735246	-64.164311	19.0						2021-08-24T12:16	24	8	2021	5248551	5248551	HUMAN_OBSERVATION	iNaturalist	Observations	92385361		Ben	2021-08-24T18:24:00	CC_BY_NC_4_0	Ben	Ben			2025-01-14T13:10:12.130Z	StillImage	COORDINATE_ROUNDED;CONTINENT_DERIVED_FROM_COORDINATES;TAXON_MATCH_TAXON_ID_IGNORED
3343944810	50c9509d-22c7-4a22-a47d-8c48425ef4a7	https://www.inaturalist.org/observations/92130400	Fungi	Basidiomycota	Agaricomycetes	Russulales	Hericiaceae	Hericium	Hericium americanum		SPECIES	Hericium americanum Ginns	Hericium americanum		CA		New Brunswick	PRESENT		28eb1a3f-1c15-4a95-931a-4af90ecb574d	45.951992	-66.673767	626.0						2021-08-22T13:45:25	22	8	2021	5248551	5248551	HUMAN_OBSERVATION	iNaturalist	Observations	92130400		hbincik	2021-08-22T17:33:11	CC_BY_NC_4_0	hbincik	hbincik			2025-01-14T12:20:57.231Z	StillImage	COORDINATE_ROUNDED;CONTINENT_DERIVED_FROM_COORDINATES;TAXON_MATCH_TAXON_ID_IGNORED
3337679730	50c9509d-22c7-4a22-a47d-8c48425ef4a7	https://www.inaturalist.org/observations/88168229	Fungi	Basidiomycota	Agaricomycetes	Russulales	Hericiaceae	Hericium	Hericium americanum		SPECIES	Hericium americanum Ginns	Hericium americanum		CA		Québec	PRESENT		28eb1a3f-1c15-4a95-931a-4af90ecb574d	45.462537	-75.805612	24.0						2018-10-05T17:04:10	5	10	2018	5248551	5248551	HUMAN_OBSERVATION	iNaturalist	Observations	88168229		⋆ 🐁 ♥ 𝔢𝔯𝔦𝔫 ♥ 🐁 ⋆	2021-07-22T19:56:28	CC_BY_NC_4_0	⋆ 🐁 ♥ 𝔢𝔯𝔦𝔫 ♥ 🐁 ⋆	⋆ 🐁 ♥ 𝔢𝔯𝔦𝔫 ♥ 🐁 ⋆			2025-01-14T12:21:13.291Z	StillImage	COORDINATE_ROUNDED;CONTINENT_DERIVED_FROM_COORDINATES;TAXON_MATCH_TAXON_ID_IGNORED
3097414628	50c9509d-22c7-4a22-a47d-8c48425ef4a7	https://www.inaturalist.org/observations/74856841	Fungi	Basidiomycota	Agaricomycetes	Russulales	Hericiaceae	Hericium	Hericium americanum		SPECIES	Hericium americanum Ginns	Hericium americanum		CA		Québec	PRESENT		28eb1a3f-1c15-4a95-931a-4af90ecb574d	46.830155	-71.331194	1851.0						2004-10-13T13:28	13	10	2004	5248551	5248551	HUMAN_OBSERVATION	iNaturalist	Observations	74856841		Léo-Guy de Repentigny	2021-04-22T18:07:51	CC_BY_NC_4_0	Léo-Guy de Repentigny	Léo-Guy de Repentigny			2025-01-14T13:11:40.691Z	StillImage	COORDINATE_ROUNDED;CONTINENT_DERIVED_FROM_COORDINATES;TAXON_MATCH_TAXON_ID_IGNORED
3079767701	50c9509d-22c7-4a22-a47d-8c48425ef4a7	https://www.inaturalist.org/observations/33829646	Fungi	Basidiomycota	Agaricomycetes	Russulales	Hericiaceae	Hericium	Hericium americanum		SPECIES	Hericium americanum Ginns	Hericium americanum		CA		Ontario	PRESENT		28eb1a3f-1c15-4a95-931a-4af90ecb574d	45.389233	-75.534156	16.0						2019-10-03T14:43	3	10	2019	5248551	5248551	HUMAN_OBSERVATION	iNaturalist	Observations	33829646		Igor Khomenko	2019-10-25T20:54:07	CC_BY_NC_4_0	Igor Khomenko	Igor Khomenko			2025-01-14T12:09:32.559Z	StillImage	COORDINATE_ROUNDED;CONTINENT_DERIVED_FROM_COORDINATES;TAXON_MATCH_TAXON_ID_IGNORED
3079717673	50c9509d-22c7-4a22-a47d-8c48425ef4a7	https://www.inaturalist.org/observations/33364801	Fungi	Basidiomycota	Agaricomycetes	Russulales	Hericiaceae	Hericium	Hericium americanum		SPECIES	Hericium americanum Ginns	Hericium americanum		CA		Ontario	PRESENT		28eb1a3f-1c15-4a95-931a-4af90ecb574d	45.402564	-75.5878	32.0						2019-09-24T15:06	24	9	2019	5248551	5248551	HUMAN_OBSERVATION	iNaturalist	Observations	33364801		Igor Khomenko	2019-09-25T12:03:25	CC_BY_NC_4_0	Igor Khomenko	Igor Khomenko			2025-01-14T13:04:00.459Z	StillImage	COORDINATE_ROUNDED;CONTINENT_DERIVED_FROM_COORDINATES;TAXON_MATCH_TAXON_ID_IGNORED
3070498343	50c9509d-22c7-4a22-a47d-8c48425ef4a7	https://www.inaturalist.org/observations/72443008	Fungi	Basidiomycota	Agaricomycetes	Russulales	Hericiaceae	Hericium	Hericium americanum		SPECIES	Hericium americanum Ginns	Hericium americanum		CA		Québec	PRESENT		28eb1a3f-1c15-4a95-931a-4af90ecb574d	46.83784	-71.342801	15.0						2020-09-17	17	9	2020	5248551	5248551	HUMAN_OBSERVATION	iNaturalist	Observations	72443008		Christian Grenier	2021-03-30T14:13:42	CC_BY_NC_4_0	Christian Grenier	Christian Grenier			2025-01-14T13:11:38.983Z	StillImage	COORDINATE_ROUNDED;CONTINENT_DERIVED_FROM_COORDINATES;TAXON_MATCH_TAXON_ID_IGNORED
3067624269	50c9509d-22c7-4a22-a47d-8c48425ef4a7	https://www.inaturalist.org/observations/60714527	Fungi	Basidiomycota	Agaricomycetes	Russulales	Hericiaceae	Hericium	Hericium americanum		SPECIES	Hericium americanum Ginns	Hericium americanum		CA		Québec	PRESENT		28eb1a3f-1c15-4a95-931a-4af90ecb574d	45.882587	-74.990951	31.0						2020-09-23T10:53	23	9	2020	5248551	5248551	HUMAN_OBSERVATION	iNaturalist	Observations	60714527		M. Squire	2020-09-25T14:42:33	CC0_1_0	M. Squire	M. Squire			2025-01-14T12:15:03.750Z	StillImage	COORDINATE_ROUNDED;CONTINENT_DERIVED_FROM_COORDINATES;TAXON_MATCH_TAXON_ID_IGNORED
3061758502	50c9509d-22c7-4a22-a47d-8c48425ef4a7	https://www.inaturalist.org/observations/69534026	Fungi	Basidiomycota	Agaricomycetes	Russulales	Hericiaceae	Hericium	Hericium americanum		SPECIES	Hericium americanum Ginns	Hericium americanum		CA		Ontario	PRESENT		28eb1a3f-1c15-4a95-931a-4af90ecb574d	45.091822	-75.453269							2016-10-06T13:49	6	10	2016	5248551	5248551	HUMAN_OBSERVATION	iNaturalist	Observations	69534026		mycowalt	2021-03-15T22:43:33	CC_BY_NC_4_0	clearbrookmlb	clearbrookmlb			2025-01-14T13:11:00.037Z	StillImage	COORDINATE_ROUNDED;CONTINENT_DERIVED_FROM_COORDINATES;TAXON_MATCH_TAXON_ID_IGNORED
3061676481	50c9509d-22c7-4a22-a47d-8c48425ef4a7	https://www.inaturalist.org/observations/63783850	Fungi	Basidiomycota	Agaricomycetes	Russulales	Hericiaceae	Hericium	Hericium americanum		SPECIES	Hericium americanum Ginns	Hericium americanum		CA		Ontario	PRESENT		28eb1a3f-1c15-4a95-931a-4af90ecb574d	45.591185	-78.338475	4.0						2020-09-15T12:30	15	9	2020	5248551	5248551	HUMAN_OBSERVATION	iNaturalist	Observations	63783850		cinna_latifolia	2021-01-04T19:41:06	CC_BY_NC_4_0	Connor Ferguson	Connor Ferguson			2025-01-14T13:13:19.441Z	StillImage	COORDINATE_ROUNDED;CONTINENT_DERIVED_FROM_COORDINATES;TAXON_MATCH_TAXON_ID_IGNORED
3043038914	f8f35535-8c10-43fc-89dc-eb0843f25394	GB-0092901	Fungi	Basidiomycota	Agaricomycetes	Russulales	Hericiaceae	Hericium	Hericium americanum		SPECIES	Hericium americanum Ginns	Hericium americanum		CA	Ottawa	Ontario	PRESENT		0ed04352-6745-4665-9e11-7117ee91a96b	45.41167	-75.69833							1982-09-25	25	9	1982	5248551	5248551	PRESERVED_SPECIMEN	GB	GB	GB-0092901	NH 7531			CC0_1_0		Hallenberg, Nils			2024-12-19T12:17:52.157Z		GEODETIC_DATUM_ASSUMED_WGS84;INSTITUTION_MATCH_FUZZY;COLLECTION_MATCH_FUZZY
3005167842	50c9509d-22c7-4a22-a47d-8c48425ef4a7	https://www.inaturalist.org/observations/66540621	Fungi	Basidiomycota	Agaricomycetes	Russulales	Hericiaceae	Hericium	Hericium americanum		SPECIES	Hericium americanum Ginns	Hericium americanum		CA		Québec	PRESENT		28eb1a3f-1c15-4a95-931a-4af90ecb574d	46.739636	-71.257602							2020-10-03	3	10	2020	5248551	5248551	HUMAN_OBSERVATION	iNaturalist	Observations	66540621		Ludo Leclerc	2020-12-13T21:52:39	CC_BY_NC_4_0	Ludo Leclerc	Ludo Leclerc			2025-01-14T13:10:47.651Z	StillImage	CONTINENT_DERIVED_FROM_COORDINATES;TAXON_MATCH_TAXON_ID_IGNORED
2999144108	50c9509d-22c7-4a22-a47d-8c48425ef4a7	https://www.inaturalist.org/observations/66358367	Fungi	Basidiomycota	Agaricomycetes	Russulales	Hericiaceae	Hericium	Hericium americanum		SPECIES	Hericium americanum Ginns	Hericium americanum		CA		Ontario	PRESENT		28eb1a3f-1c15-4a95-931a-4af90ecb574d	45.56379	-78.48139	500.0						2015-09-14T18:07	14	9	2015	5248551	5248551	HUMAN_OBSERVATION	iNaturalist	Observations	66358367		Pat Deacon	2020-12-10T02:03:41	CC_BY_NC_4_0	Pat Deacon	Pat Deacon			2025-01-14T13:10:58.872Z	StillImage	COORDINATE_ROUNDED;CONTINENT_DERIVED_FROM_COORDINATES;TAXON_MATCH_TAXON_ID_IGNORED
2901601595	50c9509d-22c7-4a22-a47d-8c48425ef4a7	https://www.inaturalist.org/observations/62253676	Fungi	Basidiomycota	Agaricomycetes	Russulales	Hericiaceae	Hericium	Hericium americanum		SPECIES	Hericium americanum Ginns	Hericium americanum		CA		Ontario	PRESENT		28eb1a3f-1c15-4a95-931a-4af90ecb574d	45.513109	-75.338283	264.0						2020-10-10T13:01:45	10	10	2020	5248551	5248551	HUMAN_OBSERVATION	iNaturalist	Observations	62253676		Lynn Ovenden	2020-10-11T00:17:40	CC_BY_NC_4_0	Lynn Ovenden	Lynn Ovenden			2025-01-14T12:15:28.123Z	StillImage	COORDINATE_ROUNDED;CONTINENT_DERIVED_FROM_COORDINATES;TAXON_MATCH_TAXON_ID_IGNORED
2898522820	50c9509d-22c7-4a22-a47d-8c48425ef4a7	https://www.inaturalist.org/observations/62301374	Fungi	Basidiomycota	Agaricomycetes	Russulales	Hericiaceae	Hericium	Hericium americanum		SPECIES	Hericium americanum Ginns	Hericium americanum		CA		Ontario	PRESENT		28eb1a3f-1c15-4a95-931a-4af90ecb574d	45.081944	-76.227222							2020-09-29T16:36	29	9	2020	5248551	5248551	HUMAN_OBSERVATION	iNaturalist	Observations	62301374		glutick	2020-10-11T14:55:55	CC_BY_NC_4_0	glutick	glutick			2025-01-14T13:10:37.234Z	StillImage	COORDINATE_ROUNDED;CONTINENT_DERIVED_FROM_COORDINATES;TAXON_MATCH_TAXON_ID_IGNORED
2898436052	50c9509d-22c7-4a22-a47d-8c48425ef4a7	https://www.inaturalist.org/observations/62438517	Fungi	Basidiomycota	Agaricomycetes	Russulales	Hericiaceae	Hericium	Hericium americanum		SPECIES	Hericium americanum Ginns	Hericium americanum		CA		Ontario	PRESENT		28eb1a3f-1c15-4a95-931a-4af90ecb574d	45.123992	-77.975862	8.0						2020-10-10T10:26:40	10	10	2020	5248551	5248551	HUMAN_OBSERVATION	iNaturalist	Observations	62438517		amkirb	2020-10-12T22:22:45	CC_BY_NC_4_0	amkirb	amkirb			2025-01-14T13:10:27.237Z	StillImage	COORDINATE_ROUNDED;CONTINENT_DERIVED_FROM_COORDINATES;TAXON_MATCH_TAXON_ID_IGNORED
2898331575	50c9509d-22c7-4a22-a47d-8c48425ef4a7	https://www.inaturalist.org/observations/62084591	Fungi	Basidiomycota	Agaricomycetes	Russulales	Hericiaceae	Hericium	Hericium americanum		SPECIES	Hericium americanum Ginns	Hericium americanum		CA		Québec	PRESENT		28eb1a3f-1c15-4a95-931a-4af90ecb574d	45.476472	-75.852344							2020-10-08T17:31:34	8	10	2020	5248551	5248551	HUMAN_OBSERVATION	iNaturalist	Observations	62084591		Joseph Petch	2020-10-09T02:47:55	CC_BY_NC_4_0	Joseph Petch	Joseph Petch			2025-01-14T12:15:02.405Z	StillImage	COORDINATE_ROUNDED;CONTINENT_DERIVED_FROM_COORDINATES;TAXON_MATCH_TAXON_ID_IGNORED
2898323008	50c9509d-22c7-4a22-a47d-8c48425ef4a7	https://www.inaturalist.org/observations/62435720	Fungi	Basidiomycota	Agaricomycetes	Russulales	Hericiaceae	Hericium	Hericium americanum		SPECIES	Hericium americanum Ginns	Hericium americanum		CA		Ontario	PRESENT		28eb1a3f-1c15-4a95-931a-4af90ecb574d	45.249988	-76.233405	619.0						2020-10-12T15:56:21	12	10	2020	5248551	5248551	HUMAN_OBSERVATION	iNaturalist	Observations	62435720		myco8p	2020-10-12T22:47:32	CC_BY_NC_4_0	mandeesxtx	mandeesxtx			2025-01-14T13:04:54.061Z	StillImage	COORDINATE_ROUNDED;CONTINENT_DERIVED_FROM_COORDINATES;TAXON_MATCH_TAXON_ID_IGNORED
2882946629	50c9509d-22c7-4a22-a47d-8c48425ef4a7	https://www.inaturalist.org/observations/61776785	Fungi	Basidiomycota	Agaricomycetes	Russulales	Hericiaceae	Hericium	Hericium americanum		SPECIES	Hericium americanum Ginns	Hericium americanum		CA		Ontario	PRESENT		28eb1a3f-1c15-4a95-931a-4af90ecb574d	45.549188	-74.417971	300.0						2020-10-04T15:21:44	4	10	2020	5248551	5248551	HUMAN_OBSERVATION	iNaturalist	Observations	61776785		Lynn Ovenden	2020-10-05T14:04:22	CC_BY_NC_4_0	Lynn Ovenden	Lynn Ovenden			2025-01-14T12:15:03.192Z	StillImage	COORDINATE_ROUNDED;CONTINENT_DERIVED_FROM_COORDINATES;TAXON_MATCH_TAXON_ID_IGNORED
2873869610	50c9509d-22c7-4a22-a47d-8c48425ef4a7	https://www.inaturalist.org/observations/60671964	Fungi	Basidiomycota	Agaricomycetes	Russulales	Hericiaceae	Hericium	Hericium americanum		SPECIES	Hericium americanum Ginns	Hericium americanum		CA		Ontario	PRESENT		28eb1a3f-1c15-4a95-931a-4af90ecb574d	45.580973	-78.410221	1981474.0						2020-09-24T15:02:19	24	9	2020	5248551	5248551	HUMAN_OBSERVATION	iNaturalist	Observations	60671964		localsloth	2020-09-25T01:27:37	CC_BY_NC_4_0	localsloth	localsloth			2025-01-14T12:15:06.978Z	StillImage	COORDINATE_ROUNDED;CONTINENT_DERIVED_FROM_COORDINATES;TAXON_MATCH_TAXON_ID_IGNORED
2873862913	50c9509d-22c7-4a22-a47d-8c48425ef4a7	https://www.inaturalist.org/observations/61438313	Fungi	Basidiomycota	Agaricomycetes	Russulales	Hericiaceae	Hericium	Hericium americanum		SPECIES	Hericium americanum Ginns	Hericium americanum		CA		Québec	PRESENT		28eb1a3f-1c15-4a95-931a-4af90ecb574d	47.076303	-70.914538							2020-10-01T15:18	1	10	2020	5248551	5248551	HUMAN_OBSERVATION	iNaturalist	Observations	61438313		Philippe Hénault	2020-10-02T00:09:38	CC_BY_NC_4_0	Philippe Hénault	Philippe Hénault			2025-01-14T12:16:04.162Z	StillImage	COORDINATE_ROUNDED;CONTINENT_DERIVED_FROM_COORDINATES;TAXON_MATCH_TAXON_ID_IGNORED
2873827732	50c9509d-22c7-4a22-a47d-8c48425ef4a7	https://www.inaturalist.org/observations/61226466	Fungi	Basidiomycota	Agaricomycetes	Russulales	Hericiaceae	Hericium	Hericium americanum		SPECIES	Hericium americanum Ginns	Hericium americanum		CA		Québec	PRESENT		28eb1a3f-1c15-4a95-931a-4af90ecb574d	46.729612	-71.43905	4.0						2020-09-28T12:38:13	28	9	2020	5248551	5248551	HUMAN_OBSERVATION	iNaturalist	Observations	61226466		Hilde Marie Johansen	2020-09-29T17:17:46	CC_BY_NC_4_0	Hilde Marie Johansen	Hilde Marie Johansen			2025-01-14T12:15:03.186Z	StillImage	COORDINATE_ROUNDED;CONTINENT_DERIVED_FROM_COORDINATES;TAXON_MATCH_TAXON_ID_IGNORED
2873791507	50c9509d-22c7-4a22-a47d-8c48425ef4a7	https://www.inaturalist.org/observations/59244543	Fungi	Basidiomycota	Agaricomycetes	Russulales	Hericiaceae	Hericium	Hericium americanum		SPECIES	Hericium americanum Ginns	Hericium americanum		CA		Québec	PRESENT		28eb1a3f-1c15-4a95-931a-4af90ecb574d	45.761002	-73.618844	68.0						2020-09-11T19:10:57Z	11	9	2020	5248551	5248551	HUMAN_OBSERVATION	iNaturalist	Observations	59244543		myri04	2020-09-11T19:11:19	CC_BY_NC_4_0	myri04	myri04			2025-01-14T12:15:37.359Z	StillImage	COORDINATE_ROUNDED;CONTINENT_DERIVED_FROM_COORDINATES;TAXON_MATCH_TAXON_ID_IGNORED
2873782816	50c9509d-22c7-4a22-a47d-8c48425ef4a7	https://www.inaturalist.org/observations/60985485	Fungi	Basidiomycota	Agaricomycetes	Russulales	Hericiaceae	Hericium	Hericium americanum		SPECIES	Hericium americanum Ginns	Hericium americanum		CA		Québec	PRESENT		28eb1a3f-1c15-4a95-931a-4af90ecb574d	46.824648	-70.966362	935.0						2020-09-13	13	9	2020	5248551	5248551	HUMAN_OBSERVATION	iNaturalist	Observations	60985485		mistertomatohead	2020-09-27T17:24:08	CC_BY_NC_4_0	mistertomatohead	mistertomatohead			2025-01-14T13:09:48.938Z	StillImage	COORDINATE_ROUNDED;CONTINENT_DERIVED_FROM_COORDINATES;TAXON_MATCH_TAXON_ID_IGNORED
2873773561	50c9509d-22c7-4a22-a47d-8c48425ef4a7	https://www.inaturalist.org/observations/60788883	Fungi	Basidiomycota	Agaricomycetes	Russulales	Hericiaceae	Hericium	Hericium americanum		SPECIES	Hericium americanum Ginns	Hericium americanum		CA		Ontario	PRESENT		28eb1a3f-1c15-4a95-931a-4af90ecb574d	45.336803	-75.952305							2020-09-12T14:40	12	9	2020	5248551	5248551	HUMAN_OBSERVATION	iNaturalist	Observations	60788883		Serguei Ponomarenko	2020-09-26T03:47:15	CC_BY_NC_4_0	Serguei Ponomarenko	Serguei Ponomarenko			2025-01-14T13:06:22.671Z	StillImage	COORDINATE_ROUNDED;CONTINENT_DERIVED_FROM_COORDINATES;TAXON_MATCH_TAXON_ID_IGNORED
2873747010	50c9509d-22c7-4a22-a47d-8c48425ef4a7	https://www.inaturalist.org/observations/60861129	Fungi	Basidiomycota	Agaricomycetes	Russulales	Hericiaceae	Hericium	Hericium americanum		SPECIES	Hericium americanum Ginns	Hericium americanum		CA		New Brunswick	PRESENT		28eb1a3f-1c15-4a95-931a-4af90ecb574d	48.014881	-66.579916	72.0						2020-09-25T20:00	25	9	2020	5248551	5248551	HUMAN_OBSERVATION	iNaturalist	Observations	60861129		Dean	2020-09-26T19:13:00	CC_BY_NC_4_0	Dean	Dean			2025-01-14T12:15:50.237Z	StillImage	COORDINATE_ROUNDED;CONTINENT_DERIVED_FROM_COORDINATES;TAXON_MATCH_TAXON_ID_IGNORED
2873723993	50c9509d-22c7-4a22-a47d-8c48425ef4a7	https://www.inaturalist.org/observations/60909835	Fungi	Basidiomycota	Agaricomycetes	Russulales	Hericiaceae	Hericium	Hericium americanum		SPECIES	Hericium americanum Ginns	Hericium americanum		CA		Ontario	PRESENT		28eb1a3f-1c15-4a95-931a-4af90ecb574d	45.49005	-78.250337	8.0						2020-09-26T18:38:17	26	9	2020	5248551	5248551	HUMAN_OBSERVATION	iNaturalist	Observations	60909835		myco8p	2020-09-29T01:35:05	CC_BY_NC_4_0	Nina	Nina			2025-01-14T12:15:03.247Z	StillImage	COORDINATE_ROUNDED;CONTINENT_DERIVED_FROM_COORDINATES;TAXON_MATCH_TAXON_ID_IGNORED
2873722970	50c9509d-22c7-4a22-a47d-8c48425ef4a7	https://www.inaturalist.org/observations/60831955	Fungi	Basidiomycota	Agaricomycetes	Russulales	Hericiaceae	Hericium	Hericium americanum		SPECIES	Hericium americanum Ginns	Hericium americanum		CA		Ontario	PRESENT		28eb1a3f-1c15-4a95-931a-4af90ecb574d	45.248943	-78.937676	2000.0						2020-09-26T15:33:47Z	26	9	2020	5248551	5248551	HUMAN_OBSERVATION	iNaturalist	Observations	60831955		mschissler	2020-09-26T15:34:23	CC_BY_NC_4_0	mschissler	mschissler			2025-01-14T12:15:08.377Z	StillImage	COORDINATE_ROUNDED;CONTINENT_DERIVED_FROM_COORDINATES;TAXON_MATCH_TAXON_ID_IGNORED
2873712650	50c9509d-22c7-4a22-a47d-8c48425ef4a7	https://www.inaturalist.org/observations/60659525	Fungi	Basidiomycota	Agaricomycetes	Russulales	Hericiaceae	Hericium	Hericium americanum		SPECIES	Hericium americanum Ginns	Hericium americanum		CA		Québec	PRESENT		28eb1a3f-1c15-4a95-931a-4af90ecb574d	47.09285	-70.76691							2020-09-24T14:15	24	9	2020	5248551	5248551	HUMAN_OBSERVATION	iNaturalist	Observations	60659525		Philippe Hénault	2020-09-24T22:50:51	CC_BY_NC_4_0	Philippe Hénault	Philippe Hénault			2025-01-14T12:15:54.143Z	StillImage	COORDINATE_ROUNDED;CONTINENT_DERIVED_FROM_COORDINATES;TAXON_MATCH_TAXON_ID_IGNORED
2868396370	50c9509d-22c7-4a22-a47d-8c48425ef4a7	https://www.inaturalist.org/observations/60329316	Fungi	Basidiomycota	Agaricomycetes	Russulales	Hericiaceae	Hericium	Hericium americanum		SPECIES	Hericium americanum Ginns	Hericium americanum		CA		Ontario	PRESENT		28eb1a3f-1c15-4a95-931a-4af90ecb574d	45.557587	-78.883517	215.0						2020-09-19T11:29	19	9	2020	5248551	5248551	HUMAN_OBSERVATION	iNaturalist	Observations	60329316		David LeGros	2020-09-21T16:42:16	CC_BY_NC_4_0	David LeGros	David LeGros			2025-01-14T12:15:00.904Z	StillImage	COORDINATE_ROUNDED;CONTINENT_DERIVED_FROM_COORDINATES;TAXON_MATCH_TAXON_ID_IGNORED
2868189783	50c9509d-22c7-4a22-a47d-8c48425ef4a7	https://www.inaturalist.org/observations/60232313	Fungi	Basidiomycota	Agaricomycetes	Russulales	Hericiaceae	Hericium	Hericium americanum		SPECIES	Hericium americanum Ginns	Hericium americanum		CA		Ontario	PRESENT		28eb1a3f-1c15-4a95-931a-4af90ecb574d	45.240503	-76.2172	4.0						2020-09-20T15:50:37	20	9	2020	5248551	5248551	HUMAN_OBSERVATION	iNaturalist	Observations	60232313		myco8p	2020-09-21T21:35:48	CC_BY_NC_4_0	davey59	davey59			2025-01-14T12:15:49.701Z	StillImage	COORDINATE_ROUNDED;CONTINENT_DERIVED_FROM_COORDINATES;TAXON_MATCH_TAXON_ID_IGNORED
2868128157	50c9509d-22c7-4a22-a47d-8c48425ef4a7	https://www.inaturalist.org/observations/60456594	Fungi	Basidiomycota	Agaricomycetes	Russulales	Hericiaceae	Hericium	Hericium americanum		SPECIES	Hericium americanum Ginns	Hericium americanum		CA		Québec	PRESENT		28eb1a3f-1c15-4a95-931a-4af90ecb574d	45.594883	-75.86782	16.0						2020-09-22T14:10:24	22	9	2020	5248551	5248551	HUMAN_OBSERVATION	iNaturalist	Observations	60456594		bobtyler	2020-09-22T20:53:36	CC_BY_NC_4_0	bobtyler	bobtyler			2025-01-14T13:09:45.318Z	StillImage	COORDINATE_ROUNDED;CONTINENT_DERIVED_FROM_COORDINATES;TAXON_MATCH_TAXON_ID_IGNORED
2868081092	50c9509d-22c7-4a22-a47d-8c48425ef4a7	https://www.inaturalist.org/observations/60262162	Fungi	Basidiomycota	Agaricomycetes	Russulales	Hericiaceae	Hericium	Hericium americanum		SPECIES	Hericium americanum Ginns	Hericium americanum		CA		Ontario	PRESENT		28eb1a3f-1c15-4a95-931a-4af90ecb574d	45.225566	-76.19406	2813.0						2020-09-20T14:21:48	20	9	2020	5248551	5248551	HUMAN_OBSERVATION	iNaturalist	Observations	60262162		Richard Tehan	2020-09-21T00:05:07	CC_BY_NC_4_0	macjoy	macjoy			2025-01-14T13:10:03.039Z	StillImage	COORDINATE_ROUNDED;CONTINENT_DERIVED_FROM_COORDINATES;TAXON_MATCH_TAXON_ID_IGNORED
2864869203	50c9509d-22c7-4a22-a47d-8c48425ef4a7	https://www.inaturalist.org/observations/59925409	Fungi	Basidiomycota	Agaricomycetes	Russulales	Hericiaceae	Hericium	Hericium americanum		SPECIES	Hericium americanum Ginns	Hericium americanum		CA		Québec	PRESENT		28eb1a3f-1c15-4a95-931a-4af90ecb574d	46.337467	-72.749625	36.0						2020-09-17T18:09:43	17	9	2020	5248551	5248551	HUMAN_OBSERVATION	iNaturalist	Observations	59925409		bronchti	2020-09-17T23:45:41	CC_BY_NC_4_0	bronchti	bronchti			2025-01-14T13:10:13.172Z	StillImage	COORDINATE_ROUNDED;CONTINENT_DERIVED_FROM_COORDINATES;TAXON_MATCH_TAXON_ID_IGNORED
2864850436	50c9509d-22c7-4a22-a47d-8c48425ef4a7	https://www.inaturalist.org/observations/59630436	Fungi	Basidiomycota	Agaricomycetes	Russulales	Hericiaceae	Hericium	Hericium americanum		SPECIES	Hericium americanum Ginns	Hericium americanum		CA		Québec	PRESENT		28eb1a3f-1c15-4a95-931a-4af90ecb574d	45.489434	-73.989432	27158.0						2020-09-14T18:35:59	14	9	2020	5248551	5248551	HUMAN_OBSERVATION	iNaturalist	Observations	59630436		thetoaster	2020-09-14T23:40:05	CC_BY_NC_4_0	thetoaster	thetoaster			2025-01-14T12:14:54.741Z	StillImage	COORDINATE_ROUNDED;CONTINENT_DERIVED_FROM_COORDINATES;TAXON_MATCH_TAXON_ID_IGNORED
2864715309	50c9509d-22c7-4a22-a47d-8c48425ef4a7	https://www.inaturalist.org/observations/59486341	Fungi	Basidiomycota	Agaricomycetes	Russulales	Hericiaceae	Hericium	Hericium americanum		SPECIES	Hericium americanum Ginns	Hericium americanum		CA		Ontario	PRESENT		28eb1a3f-1c15-4a95-931a-4af90ecb574d	45.359571	-75.677212	65.0						2020-09-13T19:37:16Z	13	9	2020	5248551	5248551	HUMAN_OBSERVATION	iNaturalist	Observations	59486341		natureboy69	2020-09-13T19:37:24	CC_BY_NC_4_0	natureboy69	natureboy69			2025-01-14T12:14:53.870Z	StillImage	COORDINATE_ROUNDED;CONTINENT_DERIVED_FROM_COORDINATES;TAXON_MATCH_TAXON_ID_IGNORED
2864695586	50c9509d-22c7-4a22-a47d-8c48425ef4a7	https://www.inaturalist.org/observations/59868552	Fungi	Basidiomycota	Agaricomycetes	Russulales	Hericiaceae	Hericium	Hericium americanum		SPECIES	Hericium americanum Ginns	Hericium americanum		CA		Ontario	PRESENT		28eb1a3f-1c15-4a95-931a-4af90ecb574d	45.525688	-78.576613	11.0						2020-09-16T10:19:01	16	9	2020	5248551	5248551	HUMAN_OBSERVATION	iNaturalist	Observations	59868552		Charli Lawson-Lee	2020-09-17T13:11:20	CC_BY_NC_4_0	Charli Lawson-Lee	Charli Lawson-Lee			2025-01-14T13:09:31.435Z	StillImage	COORDINATE_ROUNDED;CONTINENT_DERIVED_FROM_COORDINATES;TAXON_MATCH_TAXON_ID_IGNORED
2864663784	50c9509d-22c7-4a22-a47d-8c48425ef4a7	https://www.inaturalist.org/observations/59245916	Fungi	Basidiomycota	Agaricomycetes	Russulales	Hericiaceae	Hericium	Hericium americanum		SPECIES	Hericium americanum Ginns	Hericium americanum		CA		Québec	PRESENT		28eb1a3f-1c15-4a95-931a-4af90ecb574d	45.636059	-75.912586							2020-09-11T12:52	11	9	2020	5248551	5248551	HUMAN_OBSERVATION	iNaturalist	Observations	59245916		Richard Tehan	2020-09-11T21:13:16	CC_BY_4_0	Bruce Taylor	Bruce Taylor			2025-01-14T12:14:45.196Z	StillImage	CONTINENT_DERIVED_FROM_COORDINATES;TAXON_MATCH_TAXON_ID_IGNORED
2864640272	50c9509d-22c7-4a22-a47d-8c48425ef4a7	https://www.inaturalist.org/observations/59541516	Fungi	Basidiomycota	Agaricomycetes	Russulales	Hericiaceae	Hericium	Hericium americanum		SPECIES	Hericium americanum Ginns	Hericium americanum		CA		Ontario	PRESENT		28eb1a3f-1c15-4a95-931a-4af90ecb574d	45.163574	-75.937508							2020-09-13T17:53:57	13	9	2020	5248551	5248551	HUMAN_OBSERVATION	iNaturalist	Observations	59541516		Alexis Williams	2020-09-14T03:03:36	CC_BY_4_0	Alexis Williams	Alexis Williams			2025-01-14T13:03:59.923Z	StillImage	COORDINATE_ROUNDED;CONTINENT_DERIVED_FROM_COORDINATES;TAXON_MATCH_TAXON_ID_IGNORED
2864619569	50c9509d-22c7-4a22-a47d-8c48425ef4a7	https://www.inaturalist.org/observations/58618964	Fungi	Basidiomycota	Agaricomycetes	Russulales	Hericiaceae	Hericium	Hericium americanum		SPECIES	Hericium americanum Ginns	Hericium americanum		CA		Québec	PRESENT		28eb1a3f-1c15-4a95-931a-4af90ecb574d	45.645391	-73.443484	263.0						2020-09-05T08:37:21	5	9	2020	5248551	5248551	HUMAN_OBSERVATION	iNaturalist	Observations	58618964		melodiem15	2020-09-05T17:09:35	CC_BY_NC_4_0	melodiem15	melodiem15			2025-01-14T12:15:02.114Z	StillImage	COORDINATE_ROUNDED;CONTINENT_DERIVED_FROM_COORDINATES;TAXON_MATCH_TAXON_ID_IGNORED
2864617575	50c9509d-22c7-4a22-a47d-8c48425ef4a7	https://www.inaturalist.org/observations/58751631	Fungi	Basidiomycota	Agaricomycetes	Russulales	Hericiaceae	Hericium	Hericium americanum		SPECIES	Hericium americanum Ginns	Hericium americanum		CA		Québec	PRESENT		28eb1a3f-1c15-4a95-931a-4af90ecb574d	45.580467	-75.927688	20.0						2020-09-06T13:42:47	6	9	2020	5248551	5248551	HUMAN_OBSERVATION	iNaturalist	Observations	58751631		Mark Stewart	2020-09-06T19:54:21	CC_BY_NC_4_0	Mark Stewart	Mark Stewart			2025-01-14T12:14:34.783Z	StillImage	COORDINATE_ROUNDED;CONTINENT_DERIVED_FROM_COORDINATES;TAXON_MATCH_TAXON_ID_IGNORED
2864593350	50c9509d-22c7-4a22-a47d-8c48425ef4a7	https://www.inaturalist.org/observations/36431622	Fungi	Basidiomycota	Agaricomycetes	Russulales	Hericiaceae	Hericium	Hericium americanum		SPECIES	Hericium americanum Ginns	Hericium americanum		CA		Ontario	PRESENT		28eb1a3f-1c15-4a95-931a-4af90ecb574d	45.467284	-75.535922	155.0						2019-09-21T11:26:09	21	9	2019	5248551	5248551	HUMAN_OBSERVATION	iNaturalist	Observations	36431622		janaminerva	2020-06-20T13:32:57	CC_BY_NC_4_0	janaminerva	janaminerva			2025-01-14T12:10:17.079Z	StillImage	COORDINATE_ROUNDED;CONTINENT_DERIVED_FROM_COORDINATES;TAXON_MATCH_TAXON_ID_IGNORED
2864582727	50c9509d-22c7-4a22-a47d-8c48425ef4a7	https://www.inaturalist.org/observations/59326240	Fungi	Basidiomycota	Agaricomycetes	Russulales	Hericiaceae	Hericium	Hericium americanum		SPECIES	Hericium americanum Ginns	Hericium americanum		CA		Ontario	PRESENT		28eb1a3f-1c15-4a95-931a-4af90ecb574d	45.812673	-77.540223	122.0						2020-09-02T13:11	2	9	2020	5248551	5248551	HUMAN_OBSERVATION	iNaturalist	Observations	59326240		oleq	2020-09-12T15:33:12	CC_BY_NC_4_0	oleq	oleq			2025-01-14T13:10:19.663Z	StillImage	COORDINATE_ROUNDED;CONTINENT_DERIVED_FROM_COORDINATES;TAXON_MATCH_TAXON_ID_IGNORED
2862652435	50c9509d-22c7-4a22-a47d-8c48425ef4a7	https://www.inaturalist.org/observations/59104136	Fungi	Basidiomycota	Agaricomycetes	Russulales	Hericiaceae	Hericium	Hericium americanum		SPECIES	Hericium americanum Ginns	Hericium americanum		CA		Ontario	PRESENT		28eb1a3f-1c15-4a95-931a-4af90ecb574d	45.340502	-75.969092	1000.0						2020-09-09T14:37	9	9	2020	5248551	5248551	HUMAN_OBSERVATION	iNaturalist	Observations	59104136		Serguei Ponomarenko	2020-09-10T03:36:42	CC_BY_NC_4_0	Serguei Ponomarenko	Serguei Ponomarenko			2025-01-14T12:15:05.565Z	StillImage	COORDINATE_ROUNDED;CONTINENT_DERIVED_FROM_COORDINATES;TAXON_MATCH_TAXON_ID_IGNORED
2860087502	50c9509d-22c7-4a22-a47d-8c48425ef4a7	https://www.inaturalist.org/observations/58445213	Fungi	Basidiomycota	Agaricomycetes	Russulales	Hericiaceae	Hericium	Hericium americanum		SPECIES	Hericium americanum Ginns	Hericium americanum		CA		Ontario	PRESENT		28eb1a3f-1c15-4a95-931a-4af90ecb574d	45.78189	-78.341078	58620.0						2020-08-27T20:15:57Z	27	8	2020	5248551	5248551	HUMAN_OBSERVATION	iNaturalist	Observations	58445213		fortmack	2020-09-03T19:58:51	CC_BY_NC_4_0	fortmack	fortmack			2025-01-14T13:03:59.110Z	StillImage	COORDINATE_ROUNDED;CONTINENT_DERIVED_FROM_COORDINATES;TAXON_MATCH_TAXON_ID_IGNORED
2860058335	50c9509d-22c7-4a22-a47d-8c48425ef4a7	https://www.inaturalist.org/observations/58378931	Fungi	Basidiomycota	Agaricomycetes	Russulales	Hericiaceae	Hericium	Hericium americanum		SPECIES	Hericium americanum Ginns	Hericium americanum		CA		Québec	PRESENT		28eb1a3f-1c15-4a95-931a-4af90ecb574d	45.447005	-75.768328	263.0						2020-09-02T11:35:52	2	9	2020	5248551	5248551	HUMAN_OBSERVATION	iNaturalist	Observations	58378931		canadianpedro	2020-09-03T00:34:40	CC_BY_NC_4_0	canadianpedro	canadianpedro			2025-01-14T13:04:18.986Z	StillImage	COORDINATE_ROUNDED;CONTINENT_DERIVED_FROM_COORDINATES;TAXON_MATCH_TAXON_ID_IGNORED
2818503654	50c9509d-22c7-4a22-a47d-8c48425ef4a7	https://www.inaturalist.org/observations/52600266	Fungi	Basidiomycota	Agaricomycetes	Russulales	Hericiaceae	Hericium	Hericium americanum		SPECIES	Hericium americanum Ginns	Hericium americanum		CA		Ontario	PRESENT		28eb1a3f-1c15-4a95-931a-4af90ecb574d	45.138917	-78.207844	27222.0						2019-10-25T16:05:36	25	10	2019	5248551	5248551	HUMAN_OBSERVATION	iNaturalist	Observations	52600266		Steven L.	2020-07-10T18:51:19	CC_BY_NC_4_0	Steven L.	Steven L.			2025-01-14T12:13:40.060Z	StillImage	COORDINATE_ROUNDED;CONTINENT_DERIVED_FROM_COORDINATES;TAXON_MATCH_TAXON_ID_IGNORED
2597701557	50c9509d-22c7-4a22-a47d-8c48425ef4a7	https://www.inaturalist.org/observations/41534078	Fungi	Basidiomycota	Agaricomycetes	Russulales	Hericiaceae	Hericium	Hericium americanum		SPECIES	Hericium americanum Ginns	Hericium americanum		CA		Ontario	PRESENT		28eb1a3f-1c15-4a95-931a-4af90ecb574d	45.389279	-75.737673	227.0						2019-09-30T14:30	30	9	2019	5248551	5248551	HUMAN_OBSERVATION	iNaturalist	Observations	41534078		Sharon Boddy	2020-04-06T15:41:06	CC_BY_NC_4_0	Sharon Boddy	Sharon Boddy			2025-01-14T13:06:23.015Z	StillImage	COORDINATE_ROUNDED;CONTINENT_DERIVED_FROM_COORDINATES;TAXON_MATCH_TAXON_ID_IGNORED
2445040011	50c9509d-22c7-4a22-a47d-8c48425ef4a7	https://www.inaturalist.org/observations/34694572	Fungi	Basidiomycota	Agaricomycetes	Russulales	Hericiaceae	Hericium	Hericium americanum		SPECIES	Hericium americanum Ginns	Hericium americanum		CA		Québec	PRESENT		28eb1a3f-1c15-4a95-931a-4af90ecb574d	46.031048	-73.706429							2019-10-21T11:58:04	21	10	2019	5248551	5248551	HUMAN_OBSERVATION	iNaturalist	Observations	34694572		mushroompete	2019-10-21T16:10:26	CC_BY_NC_4_0	mushroompete	mushroompete			2025-01-14T12:10:29.510Z	StillImage	COORDINATE_ROUNDED;CONTINENT_DERIVED_FROM_COORDINATES;TAXON_MATCH_TAXON_ID_IGNORED
2429473444	50c9509d-22c7-4a22-a47d-8c48425ef4a7	https://www.inaturalist.org/observations/7856427	Fungi	Basidiomycota	Agaricomycetes	Russulales	Hericiaceae	Hericium	Hericium americanum		SPECIES	Hericium americanum Ginns	Hericium americanum		CA		Ontario	PRESENT		28eb1a3f-1c15-4a95-931a-4af90ecb574d	45.517134	-75.406029	12404.0						2017-09-09T11:24	9	9	2017	5248551	5248551	HUMAN_OBSERVATION	iNaturalist	Observations	7856427		Mike Leveille	2017-09-10T02:16:25	CC_BY_NC_4_0	Mike Leveille	Mike Leveille			2025-01-14T12:58:00.103Z	StillImage	COORDINATE_ROUNDED;CONTINENT_DERIVED_FROM_COORDINATES;TAXON_MATCH_TAXON_ID_IGNORED
2429449527	50c9509d-22c7-4a22-a47d-8c48425ef4a7	https://www.inaturalist.org/observations/8848869	Fungi	Basidiomycota	Agaricomycetes	Russulales	Hericiaceae	Hericium	Hericium americanum		SPECIES	Hericium americanum Ginns	Hericium americanum		CA		Ontario	PRESENT		28eb1a3f-1c15-4a95-931a-4af90ecb574d	45.548421	-78.640137	200.0						2002-08-26T00:00	26	8	2002	5248551	5248551	HUMAN_OBSERVATION	iNaturalist	Observations	8848869		Jason J. Dombroskie	2017-11-18T17:02:26	CC_BY_NC_4_0	Jason J. Dombroskie	Jason J. Dombroskie			2025-01-14T12:57:39.002Z	StillImage	COORDINATE_ROUNDED;CONTINENT_DERIVED_FROM_COORDINATES;TAXON_MATCH_TAXON_ID_IGNORED
2429354088	50c9509d-22c7-4a22-a47d-8c48425ef4a7	https://www.inaturalist.org/observations/33781171	Fungi	Basidiomycota	Agaricomycetes	Russulales	Hericiaceae	Hericium	Hericium americanum		SPECIES	Hericium americanum Ginns	Hericium americanum		CA		Québec	PRESENT		28eb1a3f-1c15-4a95-931a-4af90ecb574d	45.482777	-75.858612							2019-10-02T15:52:29	2	10	2019	5248551	5248551	HUMAN_OBSERVATION	iNaturalist	Observations	33781171		Alexis Williams	2019-10-03T02:04:56	CC_BY_4_0	Alexis Williams	Alexis Williams			2025-01-14T12:09:27.235Z	StillImage	COORDINATE_ROUNDED;CONTINENT_DERIVED_FROM_COORDINATES;TAXON_MATCH_TAXON_ID_IGNORED
2429325239	50c9509d-22c7-4a22-a47d-8c48425ef4a7	https://www.inaturalist.org/observations/33683652	Fungi	Basidiomycota	Agaricomycetes	Russulales	Hericiaceae	Hericium	Hericium americanum		SPECIES	Hericium americanum Ginns	Hericium americanum		CA		Québec	PRESENT		28eb1a3f-1c15-4a95-931a-4af90ecb574d	45.584443	-75.91291							2019-09-29T16:31	29	9	2019	5248551	5248551	HUMAN_OBSERVATION	iNaturalist	Observations	33683652		Serguei Ponomarenko	2019-10-01T02:42:50	CC_BY_NC_4_0	Serguei Ponomarenko	Serguei Ponomarenko			2025-01-14T13:04:57.689Z	StillImage	COORDINATE_ROUNDED;CONTINENT_DERIVED_FROM_COORDINATES;TAXON_MATCH_TAXON_ID_IGNORED
2429259758	50c9509d-22c7-4a22-a47d-8c48425ef4a7	https://www.inaturalist.org/observations/33349058	Fungi	Basidiomycota	Agaricomycetes	Russulales	Hericiaceae	Hericium	Hericium americanum		SPECIES	Hericium americanum Ginns	Hericium americanum		CA		Québec	PRESENT		28eb1a3f-1c15-4a95-931a-4af90ecb574d	45.637045	-75.658198	183.0						2019-09-24T21:47	24	9	2019	5248551	5248551	HUMAN_OBSERVATION	iNaturalist	Observations	33349058		Richard Tehan	2019-09-25T02:31:40	CC_BY_NC_4_0	thejasperpatch	thejasperpatch			2025-01-14T12:09:25.257Z	StillImage	COORDINATE_ROUNDED;CONTINENT_DERIVED_FROM_COORDINATES;TAXON_MATCH_TAXON_ID_IGNORED
2429253989	50c9509d-22c7-4a22-a47d-8c48425ef4a7	https://www.inaturalist.org/observations/33107647	Fungi	Basidiomycota	Agaricomycetes	Russulales	Hericiaceae	Hericium	Hericium americanum		SPECIES	Hericium americanum Ginns	Hericium americanum		CA		Québec	PRESENT		28eb1a3f-1c15-4a95-931a-4af90ecb574d	45.429904	-73.951197	1052.0						2019-09-20T16:16:05	20	9	2019	5248551	5248551	HUMAN_OBSERVATION	iNaturalist	Observations	33107647		Alexis Williams	2019-09-21T01:54:53	CC_BY_4_0	Alexis Williams	Alexis Williams			2025-01-14T12:10:07.204Z	StillImage	COORDINATE_ROUNDED;CONTINENT_DERIVED_FROM_COORDINATES;TAXON_MATCH_TAXON_ID_IGNORED
2429253834	50c9509d-22c7-4a22-a47d-8c48425ef4a7	https://www.inaturalist.org/observations/33106983	Fungi	Basidiomycota	Agaricomycetes	Russulales	Hericiaceae	Hericium	Hericium americanum		SPECIES	Hericium americanum Ginns	Hericium americanum		CA		Québec	PRESENT		28eb1a3f-1c15-4a95-931a-4af90ecb574d	45.430832	-73.946663							2019-09-20T15:28:44	20	9	2019	5248551	5248551	HUMAN_OBSERVATION	iNaturalist	Observations	33106983		Alexis Williams	2019-09-21T01:36:45	CC_BY_4_0	Alexis Williams	Alexis Williams			2025-01-14T12:10:15.318Z	StillImage	COORDINATE_ROUNDED;CONTINENT_DERIVED_FROM_COORDINATES;TAXON_MATCH_TAXON_ID_IGNORED
2429249719	50c9509d-22c7-4a22-a47d-8c48425ef4a7	https://www.inaturalist.org/observations/32875422	Fungi	Basidiomycota	Agaricomycetes	Russulales	Hericiaceae	Hericium	Hericium americanum		SPECIES	Hericium americanum Ginns	Hericium americanum		CA		Ontario	PRESENT		28eb1a3f-1c15-4a95-931a-4af90ecb574d	45.133121	-75.880615							2019-09-15T13:56:24	15	9	2019	5248551	5248551	HUMAN_OBSERVATION	iNaturalist	Observations	32875422		Alexis Williams	2019-09-17T04:14:29	CC_BY_4_0	Alexis Williams	Alexis Williams			2025-01-14T12:09:46.585Z	StillImage	COORDINATE_ROUNDED;CONTINENT_DERIVED_FROM_COORDINATES;TAXON_MATCH_TAXON_ID_IGNORED
2429192532	50c9509d-22c7-4a22-a47d-8c48425ef4a7	https://www.inaturalist.org/observations/17719908	Fungi	Basidiomycota	Agaricomycetes	Russulales	Hericiaceae	Hericium	Hericium americanum		SPECIES	Hericium americanum Ginns	Hericium americanum		CA		Québec	PRESENT		28eb1a3f-1c15-4a95-931a-4af90ecb574d	46.773638	-71.290318							2018-10-21	21	10	2018	5248551	5248551	HUMAN_OBSERVATION	iNaturalist	Observations	17719908				CC_BY_NC_4_0	Ludo Leclerc	Ludo Leclerc			2025-01-14T13:02:44.127Z	StillImage	CONTINENT_DERIVED_FROM_COORDINATES;TAXON_MATCH_TAXON_ID_IGNORED
2283199954	50c9509d-22c7-4a22-a47d-8c48425ef4a7	https://www.inaturalist.org/observations/28335317	Fungi	Basidiomycota	Agaricomycetes	Russulales	Hericiaceae	Hericium	Hericium americanum		SPECIES	Hericium americanum Ginns	Hericium americanum		CA		Ontario	PRESENT		28eb1a3f-1c15-4a95-931a-4af90ecb574d	45.256275	-76.772728							2015-10-04T11:13:01	4	10	2015	5248551	5248551	HUMAN_OBSERVATION	iNaturalist	Observations	28335317		Derek Dunnett	2019-07-07T01:35:10	CC_BY_NC_4_0	Derek Dunnett	Derek Dunnett			2025-01-14T12:59:12.536Z	StillImage	COORDINATE_ROUNDED;CONTINENT_DERIVED_FROM_COORDINATES;TAXON_MATCH_TAXON_ID_IGNORED
2273260609	50c9509d-22c7-4a22-a47d-8c48425ef4a7	https://www.inaturalist.org/observations/27511691	Fungi	Basidiomycota	Agaricomycetes	Russulales	Hericiaceae	Hericium	Hericium americanum		SPECIES	Hericium americanum Ginns	Hericium americanum		CA		Québec	PRESENT		28eb1a3f-1c15-4a95-931a-4af90ecb574d	45.463123	-75.806609	185.0						2018-10-04T11:45	4	10	2018	5248551	5248551	HUMAN_OBSERVATION	iNaturalist	Observations	27511691		Alexis Williams	2019-06-23T16:50:51	CC_BY_4_0	Alexis Williams	Alexis Williams			2025-01-14T12:07:54.842Z	StillImage	CONTINENT_DERIVED_FROM_COORDINATES;TAXON_MATCH_TAXON_ID_IGNORED
1932356220	50c9509d-22c7-4a22-a47d-8c48425ef4a7	https://www.inaturalist.org/observations/17842522	Fungi	Basidiomycota	Agaricomycetes	Russulales	Hericiaceae	Hericium	Hericium americanum		SPECIES	Hericium americanum Ginns	Hericium americanum		CA		Ontario	PRESENT		28eb1a3f-1c15-4a95-931a-4af90ecb574d	45.628041	-77.0712	104.0						2018-10-24T14:46	24	10	2018	5248551	5248551	HUMAN_OBSERVATION	iNaturalist	Observations	17842522		jonathan_mack	2018-10-26T02:03:55	CC_BY_NC_4_0	jonathan_mack	jonathan_mack			2025-01-14T12:58:21.542Z	StillImage	COORDINATE_ROUNDED;CONTINENT_DERIVED_FROM_COORDINATES;TAXON_MATCH_TAXON_ID_IGNORED
1914341063	50c9509d-22c7-4a22-a47d-8c48425ef4a7	https://www.inaturalist.org/observations/17085209	Fungi	Basidiomycota	Agaricomycetes	Russulales	Hericiaceae	Hericium	Hericium americanum		SPECIES	Hericium americanum Ginns	Hericium americanum		CA		New Brunswick	PRESENT		28eb1a3f-1c15-4a95-931a-4af90ecb574d	45.951701	-66.671331							2018-09-30T17:42	30	9	2018	5248551	5248551	HUMAN_OBSERVATION	iNaturalist	Observations	17085209		Ken Ramey	2018-10-01T01:01:59	CC_BY_NC_4_0	Ken Ramey	Ken Ramey			2025-01-14T12:05:53.251Z	StillImage	COORDINATE_ROUNDED;CONTINENT_DERIVED_FROM_COORDINATES;TAXON_MATCH_TAXON_ID_IGNORED
1914211681	50c9509d-22c7-4a22-a47d-8c48425ef4a7	https://www.inaturalist.org/observations/16802952	Fungi	Basidiomycota	Agaricomycetes	Russulales	Hericiaceae	Hericium	Hericium americanum		SPECIES	Hericium americanum Ginns	Hericium americanum		CA		Québec	PRESENT		28eb1a3f-1c15-4a95-931a-4af90ecb574d	45.12435	-72.482798	661.0						2018-09-22T09:30	22	9	2018	5248551	5248551	HUMAN_OBSERVATION	iNaturalist	Observations	16802952		Janie Collin	2018-09-22T19:04:38	CC_BY_NC_4_0	Janie Collin	Janie Collin			2025-01-14T12:05:52.772Z	StillImage	COORDINATE_ROUNDED;CONTINENT_DERIVED_FROM_COORDINATES;TAXON_MATCH_TAXON_ID_IGNORED
1914204252	50c9509d-22c7-4a22-a47d-8c48425ef4a7	https://www.inaturalist.org/observations/16763577	Fungi	Basidiomycota	Agaricomycetes	Russulales	Hericiaceae	Hericium	Hericium americanum		SPECIES	Hericium americanum Ginns	Hericium americanum		CA		Ontario	PRESENT		28eb1a3f-1c15-4a95-931a-4af90ecb574d	45.552706	-78.407486	526.0						2018-09-19T13:00	19	9	2018	5248551	5248551	HUMAN_OBSERVATION	iNaturalist	Observations	16763577		trextango	2018-09-21T18:31:25	CC_BY_NC_4_0	trextango	trextango			2025-01-14T12:05:52.805Z	StillImage	COORDINATE_ROUNDED;CONTINENT_DERIVED_FROM_COORDINATES;TAXON_MATCH_TAXON_ID_IGNORED
1836680568	50c9509d-22c7-4a22-a47d-8c48425ef4a7	http://www.inaturalist.org/observations/448740	Fungi	Basidiomycota	Agaricomycetes	Russulales	Hericiaceae	Hericium	Hericium americanum		SPECIES	Hericium americanum Ginns	Hericium americanum		CA		Québec	PRESENT		28eb1a3f-1c15-4a95-931a-4af90ecb574d	45.431265	-73.94877	12.0						2013-10-15T12:27:34	15	10	2013	5248551	5248551	HUMAN_OBSERVATION	iNaturalist	Observations	448740		Kamil Chatila	2013-11-05T16:35:44	CC_BY_NC_4_0	Kamil Chatila	Kamil Chatila			2025-01-14T12:02:25.624Z	StillImage	CONTINENT_DERIVED_FROM_COORDINATES;TAXON_MATCH_TAXON_ID_IGNORED
1806352879	50c9509d-22c7-4a22-a47d-8c48425ef4a7	https://www.inaturalist.org/observations/9595133	Fungi	Basidiomycota	Agaricomycetes	Russulales	Hericiaceae	Hericium	Hericium americanum		SPECIES	Hericium americanum Ginns	Hericium americanum		CA		Ontario	PRESENT		28eb1a3f-1c15-4a95-931a-4af90ecb574d	45.40545	-78.88685	3012.0						2017-09-26	26	9	2017	5248551	5248551	HUMAN_OBSERVATION	iNaturalist	Observations	9595133		mycowalt	2018-01-24T03:36:42	CC_BY_NC_4_0	mycowalt	mycowalt			2025-01-14T12:04:21.165Z	StillImage	CONTINENT_DERIVED_FROM_COORDINATES;TAXON_MATCH_TAXON_ID_IGNORED
1806352871	50c9509d-22c7-4a22-a47d-8c48425ef4a7	https://www.inaturalist.org/observations/9595168	Fungi	Basidiomycota	Agaricomycetes	Russulales	Hericiaceae	Hericium	Hericium americanum		SPECIES	Hericium americanum Ginns	Hericium americanum		CA		Ontario	PRESENT		28eb1a3f-1c15-4a95-931a-4af90ecb574d	45.69085	-78.32155	84661.0						2017-09-25	25	9	2017	5248551	5248551	HUMAN_OBSERVATION	iNaturalist	Observations	9595168		mycowalt	2018-01-24T03:38:27	CC_BY_NC_4_0	mycowalt	mycowalt			2025-01-14T12:04:22.035Z	StillImage	CONTINENT_DERIVED_FROM_COORDINATES;TAXON_MATCH_TAXON_ID_IGNORED
1802636602	50c9509d-22c7-4a22-a47d-8c48425ef4a7	https://www.inaturalist.org/observations/8300223	Fungi	Basidiomycota	Agaricomycetes	Russulales	Hericiaceae	Hericium	Hericium americanum		SPECIES	Hericium americanum Ginns	Hericium americanum		CA		Québec	PRESENT		28eb1a3f-1c15-4a95-931a-4af90ecb574d	45.714916	-75.296273	10.0						2017-10-07T12:10:21	7	10	2017	5248551	5248551	HUMAN_OBSERVATION	iNaturalist	Observations	8300223		nick	2017-10-17T07:57:46	CC_BY_4_0	dschigel	dschigel			2025-01-14T12:58:15.036Z	StillImage	COORDINATE_ROUNDED;CONTINENT_DERIVED_FROM_COORDINATES;TAXON_MATCH_TAXON_ID_IGNORED
1668850389	50c9509d-22c7-4a22-a47d-8c48425ef4a7	https://www.inaturalist.org/observations/8064998	Fungi	Basidiomycota	Agaricomycetes	Russulales	Hericiaceae	Hericium	Hericium americanum		SPECIES	Hericium americanum Ginns	Hericium americanum		CA		Ontario	PRESENT		28eb1a3f-1c15-4a95-931a-4af90ecb574d	45.506125	-75.337227	11.0						2017-09-23	23	9	2017	5248551	5248551	HUMAN_OBSERVATION	iNaturalist	Observations	8064998		Mike Leveille	2017-09-24T02:17:34	CC_BY_NC_4_0	Mike Leveille	Mike Leveille			2025-01-14T12:04:05.819Z	StillImage	CONTINENT_DERIVED_FROM_COORDINATES;TAXON_MATCH_TAXON_ID_IGNORED
1668850320	50c9509d-22c7-4a22-a47d-8c48425ef4a7	https://www.inaturalist.org/observations/8065282	Fungi	Basidiomycota	Agaricomycetes	Russulales	Hericiaceae	Hericium	Hericium americanum		SPECIES	Hericium americanum Ginns	Hericium americanum		CA		Ontario	PRESENT		28eb1a3f-1c15-4a95-931a-4af90ecb574d	45.506125	-75.337227	11.0						2017-09-23	23	9	2017	5248551	5248551	HUMAN_OBSERVATION	iNaturalist	Observations	8065282		Mike Leveille	2017-09-24T02:32:42	CC_BY_NC_4_0	Mike Leveille	Mike Leveille			2025-01-14T12:03:56.304Z	StillImage	CONTINENT_DERIVED_FROM_COORDINATES;TAXON_MATCH_TAXON_ID_IGNORED
1453461293	50c9509d-22c7-4a22-a47d-8c48425ef4a7	https://www.inaturalist.org/observations/5186466	Fungi	Basidiomycota	Agaricomycetes	Russulales	Hericiaceae	Hericium	Hericium americanum		SPECIES	Hericium americanum Ginns	Hericium americanum		CA		Ontario	PRESENT		28eb1a3f-1c15-4a95-931a-4af90ecb574d	45.26101	-75.368198	50.0						2016-10-23T14:16:32	23	10	2016	5248551	5248551	HUMAN_OBSERVATION	iNaturalist	Observations	5186466		Leanne Wallis	2017-02-27T20:12:59	CC_BY_NC_4_0	Owen Clarkin	Owen Clarkin			2025-01-14T13:00:04.329Z	StillImage	CONTINENT_DERIVED_FROM_COORDINATES;TAXON_MATCH_TAXON_ID_IGNORED
1453191740	50c9509d-22c7-4a22-a47d-8c48425ef4a7	http://www.inaturalist.org/observations/448739	Fungi	Basidiomycota	Agaricomycetes	Russulales	Hericiaceae	Hericium	Hericium americanum		SPECIES	Hericium americanum Ginns	Hericium americanum		CA		Québec	PRESENT		28eb1a3f-1c15-4a95-931a-4af90ecb574d	45.431413	-73.948786	8.0						2013-10-15T12:30:29	15	10	2013	5248551	5248551	HUMAN_OBSERVATION	iNaturalist	Observations	448739		Kamil Chatila	2013-11-05T16:35:39	CC_BY_NC_4_0	Kamil Chatila	Kamil Chatila			2025-01-14T12:57:39.953Z	StillImage	CONTINENT_DERIVED_FROM_COORDINATES;TAXON_MATCH_TAXON_ID_IGNORED
1453166139	50c9509d-22c7-4a22-a47d-8c48425ef4a7	http://inaturalist.ca/observations/4423100	Fungi	Basidiomycota	Agaricomycetes	Russulales	Hericiaceae	Hericium	Hericium americanum		SPECIES	Hericium americanum Ginns	Hericium americanum		CA		Ontario	PRESENT		28eb1a3f-1c15-4a95-931a-4af90ecb574d	45.261481	-75.367953	83.0						2016-10-23T15:17	23	10	2016	5248551	5248551	HUMAN_OBSERVATION	iNaturalist	Observations	4423100		Mike Leveille	2016-10-23T23:23:04	CC_BY_NC_4_0	Mike Leveille	Mike Leveille			2025-01-14T12:59:25.737Z	StillImage	COORDINATE_ROUNDED;CONTINENT_DERIVED_FROM_COORDINATES;TAXON_MATCH_TAXON_ID_IGNORED
1412706639	21705170-d2b6-42de-8904-c3bca4b83591	CMMF015152	Fungi	Basidiomycota	Agaricomycetes	Russulales	Hericiaceae	Hericium	Hericium americanum		SPECIES	Hericium americanum Ginns	Hericium americanum Ginns	Ginns	CA	Lac St-Germain, Québec.	Québec	PRESENT		ff7bd5db-b724-4932-b496-10ea298851f9	48.442578	-70.630275	7000.0						1994-08-18	18	8	1994	5248551	5248551	PRESERVED_SPECIMEN	Université de Montréal Biodiversity Centre	CMMF	CMMF015152	686	Guérin, Gérard		CC0_1_0	Université de Montréal Biodiversity Centre	Guérin, Gérard			2024-01-24T16:38:16.740Z	StillImage	INSTITUTION_MATCH_FUZZY;COLLECTION_MATCH_FUZZY;DIFFERENT_OWNER_INSTITUTION
1227721229	50c9509d-22c7-4a22-a47d-8c48425ef4a7	http://inaturalist.ca/observations/1968190	Fungi	Basidiomycota	Agaricomycetes	Russulales	Hericiaceae	Hericium	Hericium americanum		SPECIES	Hericium americanum Ginns	Hericium americanum		CA		Ontario	PRESENT		28eb1a3f-1c15-4a95-931a-4af90ecb574d	45.443516	-76.360609	257.0						2002-09-28	28	9	2002	5248551	5248551	HUMAN_OBSERVATION	iNaturalist	Observations	1968190		bev wigney	2015-09-21T12:48:59	CC_BY_NC_4_0	bev wigney	bev wigney			2025-01-14T12:02:05.944Z		CONTINENT_DERIVED_FROM_COORDINATES;TAXON_MATCH_TAXON_ID_IGNORED
1135071411	21705170-d2b6-42de-8904-c3bca4b83591	CMMF009900	Fungi	Basidiomycota	Agaricomycetes	Russulales	Hericiaceae	Hericium	Hericium americanum		SPECIES	Hericium americanum Ginns	Hericium americanum Ginns	Ginns	CA	Château Bigot, Québec.	Québec	PRESENT		ff7bd5db-b724-4932-b496-10ea298851f9	46.898375	-71.266801	2000.0						2007-08-31	31	8	2007	5248551	5248551	PRESERVED_SPECIMEN	Université de Montréal Biodiversity Centre	CMMF	CMMF009900	1484	Labrecque, Jacqueline		CC0_1_0	Université de Montréal Biodiversity Centre	Labrecque, Jacqueline			2024-01-24T16:38:21.401Z		INSTITUTION_MATCH_FUZZY;COLLECTION_MATCH_FUZZY;DIFFERENT_OWNER_INSTITUTION
1135070615	21705170-d2b6-42de-8904-c3bca4b83591	CMMF009163	Fungi	Basidiomycota	Agaricomycetes	Russulales	Hericiaceae	Hericium	Hericium americanum		SPECIES	Hericium americanum Ginns	Hericium americanum Ginns	Ginns	CA	Château Bigot, Québec.	Québec	PRESENT		ff7bd5db-b724-4932-b496-10ea298851f9	46.898375	-71.266801	2000.0						2006-09-12	12	9	2006	5248551	5248551	PRESERVED_SPECIMEN	Université de Montréal Biodiversity Centre	CMMF	CMMF009163	747	Labrecque, Jacqueline		CC0_1_0	Université de Montréal Biodiversity Centre	Labrecque, Jacqueline			2024-01-24T16:38:20.270Z		INSTITUTION_MATCH_FUZZY;COLLECTION_MATCH_FUZZY;DIFFERENT_OWNER_INSTITUTION
1135068192	21705170-d2b6-42de-8904-c3bca4b83591	CMMF006762	Fungi	Basidiomycota	Agaricomycetes	Russulales	Hericiaceae	Hericium	Hericium americanum		SPECIES	Hericium americanum Ginns	Hericium americanum Ginns	Ginns	CA	Montebello	Québec	PRESENT		ff7bd5db-b724-4932-b496-10ea298851f9	45.645	-74.9545	100.0						1978-08-26	26	8	1978	5248551	5248551	PRESERVED_SPECIMEN	Université de Montréal Biodiversity Centre	CMMF	CMMF006762	Inexistant	McNeil, Raymond		CC0_1_0	Université de Montréal Biodiversity Centre	McNeil, Raymond			2024-01-24T16:38:18.577Z	StillImage	INSTITUTION_MATCH_FUZZY;COLLECTION_MATCH_FUZZY;DIFFERENT_OWNER_INSTITUTION
1135067552	21705170-d2b6-42de-8904-c3bca4b83591	CMMF006085	Fungi	Basidiomycota	Agaricomycetes	Russulales	Hericiaceae	Hericium	Hericium americanum		SPECIES	Hericium americanum Ginns	Hericium americanum Ginns	Ginns	CA	Châteauguay	Québec	PRESENT		ff7bd5db-b724-4932-b496-10ea298851f9	45.349833	-73.771	100.0						2005-10-30	30	10	2005	5248551	5248551	PRESERVED_SPECIMEN	Université de Montréal Biodiversity Centre	CMMF	CMMF006085	C2705	McNeil, Raymond		CC0_1_0	Université de Montréal Biodiversity Centre	McNeil, Raymond			2024-01-24T16:38:17.938Z	StillImage	COORDINATE_ROUNDED;INSTITUTION_MATCH_FUZZY;COLLECTION_MATCH_FUZZY;DIFFERENT_OWNER_INSTITUTION
1135067518	21705170-d2b6-42de-8904-c3bca4b83591	CMMF006096	Fungi	Basidiomycota	Agaricomycetes	Russulales	Hericiaceae	Hericium	Hericium americanum		SPECIES	Hericium americanum Ginns	Hericium americanum Ginns	Ginns	CA	Châteauguay	Québec	PRESENT		ff7bd5db-b724-4932-b496-10ea298851f9	45.349833	-73.773917	100.0						2010-09-25	25	9	2010	5248551	5248551	PRESERVED_SPECIMEN	Université de Montréal Biodiversity Centre	CMMF	CMMF006096	C3754	McNeil, Raymond		CC0_1_0	Université de Montréal Biodiversity Centre	McNeil, Raymond			2024-01-24T16:38:17.951Z	StillImage	COORDINATE_ROUNDED;INSTITUTION_MATCH_FUZZY;COLLECTION_MATCH_FUZZY;DIFFERENT_OWNER_INSTITUTION
1135067414	21705170-d2b6-42de-8904-c3bca4b83591	CMMF005929	Fungi	Basidiomycota	Agaricomycetes	Russulales	Hericiaceae	Hericium	Hericium americanum		SPECIES	Hericium americanum Ginns	Hericium americanum Ginns	Ginns	CA	Châteauguay (Centre écologique Fernand-Seguin)	Québec	PRESENT		ff7bd5db-b724-4932-b496-10ea298851f9	45.33983	-73.773917	100.0						2006-09-16	16	9	2006	5248551	5248551	PRESERVED_SPECIMEN	Université de Montréal Biodiversity Centre	CMMF	CMMF005929	Inexistant	McNeil, Raymond		CC0_1_0	Université de Montréal Biodiversity Centre	McNeil, Raymond			2024-01-24T16:38:16.908Z	StillImage	COORDINATE_ROUNDED;INSTITUTION_MATCH_FUZZY;COLLECTION_MATCH_FUZZY;DIFFERENT_OWNER_INSTITUTION
1135067330	21705170-d2b6-42de-8904-c3bca4b83591	CMMF005849	Fungi	Basidiomycota	Agaricomycetes	Russulales	Hericiaceae	Hericium	Hericium americanum		SPECIES	Hericium americanum Ginns	Hericium americanum Ginns	Ginns	CA	Châteauguay (Centre écologique Fernand-Seguin)	Québec	PRESENT		ff7bd5db-b724-4932-b496-10ea298851f9	45.33983	-73.773917	100.0						2006-09-05	5	9	2006	5248551	5248551	PRESERVED_SPECIMEN	Université de Montréal Biodiversity Centre	CMMF	CMMF005849	Inexistant	McNeil, Raymond		CC0_1_0	Université de Montréal Biodiversity Centre	McNeil, Raymond			2024-01-24T16:38:16.690Z	StillImage	COORDINATE_ROUNDED;INSTITUTION_MATCH_FUZZY;COLLECTION_MATCH_FUZZY;DIFFERENT_OWNER_INSTITUTION
1135066646	21705170-d2b6-42de-8904-c3bca4b83591	CMMF010071	Fungi	Basidiomycota	Agaricomycetes	Russulales	Hericiaceae	Hericium	Hericium americanum		SPECIES	Hericium americanum Ginns	Hericium americanum Ginns	Ginns	CA	Château Bigot, Québec.	Québec	PRESENT		ff7bd5db-b724-4932-b496-10ea298851f9	46.898375	-71.266801	2000.0						2007-09-23	23	9	2007	5248551	5248551	PRESERVED_SPECIMEN	Université de Montréal Biodiversity Centre	CMMF	CMMF010071	1656	Labrecque, Jacqueline		CC0_1_0	Université de Montréal Biodiversity Centre	Labrecque, Jacqueline			2024-01-24T16:38:20.194Z		INSTITUTION_MATCH_FUZZY;COLLECTION_MATCH_FUZZY;DIFFERENT_OWNER_INSTITUTION
